分类,研报标题,摘要,作者,评级,页数,日期,分享者,来源页,抓取时间,类型,分享时间
投研资讯,华安证券-龙迅股份-688486-安徽半导体产业巡礼系列（1）：国内高清视频芯片领军者，汽车/AR业务打开成长空间-250722,"主要观点：
　　深耕高速混合信号芯片领域，产品迭代及市场拓展进程顺利
　　龙迅半导体成立于2006年，专注于高速混合信号芯片研发和销售。公司产品主要可分为高清视频桥接及处理芯片...",陈耀波，李元晨,买入（首次）,32,2025-07-31,skyl******fly,1,2025-07-31 10:05:33,,
投研资讯,华安证券-中鼎股份-000887-汽零白马卡位机器人，低估值高弹性兼备-250729,"主要观点：
　　中鼎股份是全球领先、产品多元的汽零供应商。公司创始于1980年，主要生产密封件产品，2014-2017年收购KACO、WEGU、AMK、TFH等多家细分领域的海...",张志邦，刘千琳，陈佳敏,买入（首次）,25,2025-07-31,1234******nzi,1,2025-07-31 10:05:33,,
投研资讯,国联民生证券-科达利-002850-结构件强者恒强，PEEK赋能机器人轻量化-250731,"投资要点
　　公司作为国内锂电精密结构件龙头，凭借深厚的技术积累与规模优势，实现营收与利润稳步增长，穿越周期龙头地位稳固。公司前瞻布局机器人第二赛道，在谐波减速器、模组、灵巧手...",张磊,买入,27,2025-07-31,cha****wu,1,2025-07-31 10:05:33,,
投研资讯,国信证券-西部矿业-601168-铜矿产量同比增长6%，下半年冶炼业务有望扭亏-250731,"核心观点
　　2025H1公司业绩同比增长15%。2025H1年实现营收316.2亿元（+26.6%），归母净利润18.7亿元（+15.3%），扣非归母净利润18.3亿元（+9...",刘孟峦，焦方冉,优于大市,7,2025-07-31,an***8,1,2025-07-31 10:05:33,,
投研资讯,西南证券-海思科-002653-启动HSK21542注射液用于骨科手术后镇痛的III期临床试验-250727,"事件：2025年7月21日，中国药物临床试验登记与信息公示平台显示海思科登记了一项HSK21542注射液（安瑞克芬）用于骨科手术后镇痛的III期临床试验。
　　HSK21542...",杜向阳，陈辰,买入,6,2025-07-31,asdf******678,1,2025-07-31 10:05:33,,
投研资讯,华鑫证券-安徽合力-600761-公司动态研究报告：出海深化拓展全球增量，锂电化、智能化引领产业新生态-250731,"投资要点
　　▌叉车出海成效显著，本土化战略构筑海外增长极
　　安徽合力依托“1个中国总部+N个海外中心+X个全球团队”的战略布局深耕国际市场。公司2024年整机出口量达12....",尤少炜,买入,5,2025-07-31,王晓晨****11,1,2025-07-31 10:05:33,,
投研资讯,东方证券-艾德生物-300685-中报点评：业绩亮眼，彰显成长韧性-250731,"核心观点
　　事件：公司发布2025年中报，2025H1实现营收5.8亿元（同比+6.7%），归母净利润1.9亿元（同比+31.4%），毛利率84.0%（同比-1.2pct），...",伍云飞,增持,5,2025-07-31,sham******our,1,2025-07-31 10:05:33,,
投研资讯,东莞证券-华测导航-300627-深度报告：深耕高精度时空信息产业，泛化应用布局创造价值-250731,"投资要点：
　　公司是我国高精度时空信息产业引领者。上海华测导航技术股份有限公司成立于2003年，2015年在深交所创业板挂牌上市。作为我国高精度卫星导航定位产业的领先企业，华...",陈伟光，罗炜斌，陈湛谦,买入,23,2025-07-31,leo****pm,1,2025-07-31 10:05:33,,
投研资讯,开源证券-国邦医药-605507-公司信息更新报告：2025Q2业绩超预期，动保板块迎来大幅增长-250731,"2025Q2业绩超预期，动保板块迎来大幅增长
　　2025上半年公司实现收入30.26亿元（同比+4.63%，下文都是同比口径），归母净利润4.56亿元（+12.6%），扣非归...",余汝意，阮帅,买入,4,2025-07-31,win****go,1,2025-07-31 10:05:33,,
投研资讯,中原证券-光迅科技-002281-公司点评报告：高速率光模块批量出货，国内云厂商中标份额领先-250731,事件：公司发布2025H1业绩预告，预计2025H1实现归母净利润3.23-4.07亿元，同比增长55.0%-95.0%，预计2025Q2归母净利润为1.73-2.57亿元，同...,李璐毅,买入（首次）,5,2025-07-31,RXW****45,1,2025-07-31 10:05:33,,
投研资讯,东莞证券-汉得信息-300170-深度报告：全面布局B端AI应用体系，助力企业数字化转型-250731,国内领先企业数字化综合服务商，公司业绩稳步回升。汉得信息作为A股市场首家以ERP咨询实施为主营业务的上市公司，历经近30年发展，逐渐从单一的实施服务商转变为“软件+实施+运营”...,卢芷心，罗炜斌，陈伟光,买入,22,2025-07-31,diy****he,1,2025-07-31 10:05:33,,
投研资讯,东莞证券-宁德时代-300750-2025年中报点评：H1净利同比增超三成，Q2净利同环比双增-250731,"事件：7月30日晚间，公司发布2025年半年度报告。
　　点评：
　　2025H1净利同比增超三成，Q2净利同环比双增。公司2025H1实现营收1788.86亿元，同比增长7....",黄秀瑜,买入,3,2025-07-31,lg0****78,1,2025-07-31 10:05:33,,
投研资讯,财信证券-海博思创-688411-储能系统领军企业，产品和客户优势明显-250730,行业领先的储能系统供应商：公司是行业领先的储能系统解决方案与技术服务供应商，对外销售的储能系统产品主要应用于火电机组联合调频、可再生能源并网、独立储能电站，以及移动充储和工商业...,杨鑫,买入（首次）,21,2025-07-31,jug****yo,1,2025-07-31 10:05:33,,
投研资讯,华西证券-金河生物-002688-化药业务量价齐升驱动业绩高增，成本优势持续凸显-250731,"事件概述
　　公司发布2025年半年度报告，报告期内，公司实现营业收入13.90亿元，同比上升30.45%；实现归母净利润1.38亿元，同比上升51.52%。
　　分析判断:
...",周莎，魏心欣,买入,5,2025-07-31,lid****fe,1,2025-07-31 10:05:33,,
投研资讯,华安证券-极米科技-688696-2025Q2预告点评：业绩大幅改善-250731,"主要观点：
　　公司发布2025Q2业绩预告：
　　25Q2：收入8.2亿（同比+5.4%），归母净利润0.26亿（同比+354.6%）。
　　25H1：收入16.3亿（同比+...",邓欣，成浅之,买入,4,2025-07-31,cq***l,1,2025-07-31 10:05:33,,
投研资讯,天风证券-威胜信息-688100-在手订单充裕海外业务良好发展，AI助力新业务快速增长-250731,事件：公司发布2025年半年报，25H1实现营收13.68亿元，同比增长11.88%，归母净利润3.05亿元，同比增长12.24%，扣非归母净利润2.98亿元，同比增长12.6...,王奕红，陈汇丰，唐海清,买入,4,2025-07-31,zhao******ian,1,2025-07-31 10:05:33,,
投研资讯,开源证券-药明康德-603259-公司信息更新报告：2025H1业绩超预期，TIDES业务强劲增长-250731,"2025H1业绩超预期，TIDES业务增速强劲打开成长空间
　　2025H1公司实现营收207.99亿元，同比增长20.64%，持续经营业务收入同比增长24.2%；归母净利润8...",余汝意，汪晋,买入,4,2025-07-31,Rog****hu,1,2025-07-31 10:05:33,,
投研资讯,东方证券-首旅酒店-600258-首免零售板块增长，OTA佣金战有利于酒店利润率提升-250731,"核心观点
　　首免全球购客户和销售额双增长，有助于增强会员粘性。公司旗下“首免全球购”全球商品数字化贸易服务平台，今年以来持续展开线上商城与线下门店互动，实现了客户和销售额双增...",谢宁铃,买入,5,2025-07-31,zjw****23,1,2025-07-31 10:05:33,,
投研资讯,华鑫证券-珍宝岛-603567-公司事件点评报告：短期集采影响，研发储备向创新转型-250731,"事件
　　珍宝岛发布公告：预计2025年半年度实现归属于上市公司股东的净利润约为-7,700万元到-6,600万元。
　　投资要点
　　▌短期集采影响落地，执行后销量有望提升
...",胡博新，吴景欢,买入（首次）,5,2025-07-31,yu***s,1,2025-07-31 10:05:33,,
投研资讯,华鑫证券-世运电路-603920-公司动态研究报告：汽车PCB技术领先，绑定特斯拉成长空间广阔-250731,"投资要点
　　▌公司业绩表现亮眼，PCB产品量价齐升
　　2024年，公司实现营业收入50.22亿元，同比增长11.13%；实现归母净利润6.75亿元，同比增长36.17%；实...",吕卓阳,买入,7,2025-07-31,yo***x,1,2025-07-31 10:05:33,,
投研资讯,中邮证券-华康洁净-301235-中报业绩高速增长，股权激励彰显公司信心-250731,"25H1业绩同比高增长，股权激励深度绑定核心管理层
　　事件：公司发布半年报，25H1收入8.35亿（+50.7%），归母利润1868万（+273%）；单Q2营收5.4亿元（+...",盛丽华,买入（上调）,4,2025-07-31,hon****le,2,2025-07-31 10:05:34,,
投研资讯,华安证券-海信家电-000921-25Q2点评：空调业务承压，冰洗盈利改善-250731,"主要观点：
　　公司发布25Q2业绩报告：
　　Q2：收入245.02亿元（同比-2.6%），归母净利润9.49亿元（同比-8.3%）；扣非归母净利润8.10亿元（同比-6.4...",邓欣,买入,4,2025-07-31,hzf****13,2,2025-07-31 10:05:34,,
投研资讯,民生证券-上海沿浦-605128-系列点评十三：2025Q2业绩符合预期，汽车整椅业务可期-250731,"事件：公司披露2025半年报：2025H1实现营收9.16亿元，同比-7.2%；归母净利0.78亿元，同比+26.0%；扣非归母净利0.77亿元，同比+35.6%。
　　202...",崔琰，白如,推荐,3,2025-07-31,kel****ui,2,2025-07-31 10:05:34,,
投研资讯,华安证券-国轩高科-002074-技术引领推动电池创新，高度国际化盈利领先-250730,"主要观点：
　　国轩高科：动力储能双轮驱动，盈利能力稳步增长
　　国轩高科从磷酸铁锂入局逐步拓展动力电池及储能电池业务，成长为全球动力及储能电池头部企业。2020年大众成为国轩...",张志邦,买入（首次）,25,2025-07-31,lian******uan,2,2025-07-31 10:05:34,,
投研资讯,国联民生证券-东鹏饮料-605499-新品延续高增长，看好公司平台化发展-250731,"事件
　　公司发布2025年半年度报告，2025H1公司实现收入107.37亿元，同比+36.37%；归母净利润23.75亿元，同比+37.22%；扣非净利润22.70亿元，同...",邓周贵，徐锡联，吴雪枫,买入,6,2025-07-31,LYL****02,2,2025-07-31 10:05:34,,
投研资讯,长城证券-湖南海利-600731-公司季度业绩同比回升，看好新基地建设及现有基地技改-250731,事件1：2025年4月28日，湖南海利发布2024年年报。公司2024年收入为24.71亿元，同比上升4.06%；归母净利润为2.65亿元，同比下降3.06%；扣非归母净利润为...,肖亚平，林森,买入（首次）,5,2025-07-31,佳**圆,2,2025-07-31 10:05:34,,
投研资讯,天风证券-泽璟制药-688266-兼具销售放量和研发成果兑现的优秀创新药企-250731,"已实现三个重点品种商业化，重组人促甲状腺激素有望于近期上市
　　截至2025年5月，公司已成功实现3款重点药物上市销售，分别是甲苯磺酸多纳非尼片、重组人凝血酶、盐酸吉卡昔替尼片...",杨松，曹文清，张中华,买入,20,2025-07-31,ange******ing,2,2025-07-31 10:05:34,,
投研资讯,海通国际-法本信息-300925-银行、车企业务突破，“双能力中心、数字化基座”构建核心竞争力-250727,"投资要点：
　　首次覆盖，给予“优于大市”评级。考虑到创新业务快速进展，我们预测2025-2027年EPS为0.34/0.39/0.47元。基于谨慎性考虑，参考可比公司估值，目...",Lin Yang，Liang Song,优于大市（首次）,20,2025-07-31,萍***,2,2025-07-31 10:05:34,,
投研资讯,长城证券-深天马A-000050-面板领先企业盈利修复，车载&柔性OLED开启成长新周期-250731,中小尺寸面板领先厂商，多元显示布局协同发展。公司主营业务为显示器件及相关的材料、设备、产品的设计、制造、销售；公司产品包括LCD液晶显示器件、AMOLED有源矩阵有机发光二极体...,邹兰兰,买入,33,2025-07-31,feif******016,2,2025-07-31 10:05:34,,
投研资讯,光大证券-苏试试验-300416-2025年中报点评：Q2表现亮眼，看好下半年各业务板块增长潜力-250731,事件：公司发布2025年中报，2025H1，公司实现营业收入9.91亿元，同比+8.09%；实现归母净利润1.17亿元，同比+14.18%；实现扣非归母后净利润1.14亿元，同...,汲萌,买入,3,2025-07-31,She****UC,2,2025-07-31 10:05:34,,
投研资讯,国金证券-宁德时代-300750-业绩好于预期，量利保持稳健-250731,"业绩简评
　　7月30日，公司发布1H25财报，①H1：实现收入1789亿元，同+7%；实现归母305亿元，同+33%；实现扣非272亿元，同+36%。②Q2：实现收入942亿...",姚遥,买入,4,2025-07-31,soft******lbr,2,2025-07-31 10:05:34,,
投研资讯,西南证券-药明康德-603259-CXO龙头业绩亮眼，小分子DM双位数增速、TIDES增长强劲-250729,事件：公司发布2025年半年度报告，2025H1公司实现营业收入208.0亿元，同比+20.6%，其中持续经营业务收入同比增长+24.2%。实现经调整净利润约63.1亿元，同比...,杜向阳,,6,2025-07-31,liuj******ing,2,2025-07-31 10:05:34,,
投研资讯,东吴证券-宁德时代-300750-2025年中报点评：业绩略超预期，净利率再提升，龙头恒强-250731,"投资要点
　　25Q2归母利润略超预期，净利率再提升。公司25H1实现收入1789亿元，同比+7%；归母净利润305亿元，同比+33%；扣非净利润272亿元，同比+36%。其中...",曾朵红，阮巧燕，岳斯瑶,买入,7,2025-07-31,lov****ic,2,2025-07-31 10:05:34,,
投研资讯,开源证券-恩华药业-002262-公司信息更新报告：神经类业务快速增长，创新管线逐步兑现-250731,"神经类业务快速增长，业绩驱动因素明确，维持“买入”评级
　　公司2025H1公司实现收入30.1亿元（+8.93%，以下均为同比口径，环比+2.59%）；归母净利润7亿元（+1...",余汝意,买入,4,2025-07-31,zxf****15,2,2025-07-31 10:05:34,,
投研资讯,华西证券-顺络电子-002138-AI终端带动需求提升，新兴战略业务增速显著-250730,"事件概述
　　公司发布2025年半年报。25H1公司实现营收32.24亿元，同比+19.80%；归母净利润4.86亿元，同比+32.03%；扣非归母净利润4.62亿元，同比+3...",单慧伟，陈天然,买入,5,2025-07-31,tt***o,2,2025-07-31 10:05:34,,
投研资讯,华鑫证券-西部矿业-601168-公司事件点评报告：半年度业绩同比增长，主要金属采选冶指标向好-250731,"事件
　　西部矿业发布2025年半年报公告：报告期内，公司实现总营业收入316.19亿元，同比增长26.59%；实现归母净利润18.69亿元，同比增长15.35%。
　　投资要...",傅鸿浩，杜飞,买入,5,2025-07-31,yinf******015,2,2025-07-31 10:05:34,,
投研资讯,东吴证券-安克创新-300866-拟发布限制性股票激励计划，授予价格无折让彰显公司信心-250731,"事件：7月30日，公司发布2025年限制性股票激励计划（草案）。
　　本次激励计划授予股份数占总股本1%，首次授予激励范围涵盖608名骨干员工：其中，公司董事祝芳浩先生获授股份...",吴劲草，阳靖,买入,3,2025-07-31,cl***x,2,2025-07-31 10:05:34,,
投研资讯,国金证券-爱玛科技-603529-产品&渠道优化推动量价齐升，两轮电动车龙头开启新成长周期-250730,"投资逻辑
　　三电技术+智能化推动ASP提升，产品&渠道优化成长逻辑清晰。
　　1）ASP提升逻辑：①三电：引擎MAX系统持续迭代，自研凸极电机、蔚蓝控制器电控系统构建“性能+...",赵中平，张杨桓，尹新悦,买入（首次）,26,2025-07-31,lus****an,2,2025-07-31 10:05:34,,
投研资讯,东方证券-深信服-300454-AI本地化部署需求兴起，公司有望充分受益-250730,"核心观点
　　大模型迭代加速，本地化部署需求保持旺盛。近期国产大模型迭代呈现加速态势，根据国际权威大模型评测平台LMArena的最新榜单中，Kimi-K2、DeepSeek R...",陈超，浦俊懿，宋鑫宇,买入,5,2025-07-31,iam****ln,2,2025-07-31 10:05:34,,
投研资讯,东吴证券-永辉超市-601933-拟定增融资40亿元，主要用于支持门店调改-250731,"投资要点
　　事件：7月30日，公司披露2025年度向特定对象发行A股股票预案，拟向不超过35名特定投资者发行股票，融资39.9亿元。本次发行股票数量不超过增发前公司总股本的3...",吴劲草，阳靖,增持,4,2025-07-30,vm1****85,2,2025-07-31 10:05:34,,
投研资讯,东方证券-朗新集团-300682-能源数字化领先者，全面拥抱AI、区块链新技术-250730,"事件：
　　近期，朗新集团正式向全球首发自主研发的“朗新九功AI能源大模型”（简称“朗新九功”），该模型数据智能体在BIRD-Bench国际评测基准中斩获双榜冠军。
　　点评：...",浦俊懿，陈超，宋鑫宇,买入,5,2025-07-30,fgrg******335,3,2025-07-31 10:05:36,,
投研资讯,东吴证券-华能国际-600011-2025半年报点评：超市场预期，关注火电资本开支下行周期下资产质量改善-250730,"投资要点
　　事件：公司发布2025年半年报，2025年上半年公司实现营业收入1120.32亿元，同比-5.7%；实现归母净利润92.62亿元，同比+24.3%，超市场预期。
...",袁理，唐亚辉,买入,3,2025-07-30,745****10,3,2025-07-31 10:05:36,,
投研资讯,东吴证券-菲利华-300395-股权激励绑定核心人才与公司长期利益，进一步健全长效激励机制-250730,"事件：7月26日，公司发布2025年限制性股票激励计划（草案）。
　　投资要点
　　菲利华公司深耕石英玻璃材料与制品领域：主营业务涵盖石英玻璃锭、管、棒、板及石英玻璃纤维、复合...",苏立赞，许牧，高正泰,买入,3,2025-07-30,pi***1,3,2025-07-31 10:05:36,,
投研资讯,东兴证券-科达利-002850-锂电结构件龙头，拓展人形机器人第二曲线-250730,全球领先的锂电池精密结构件企业。科达利成立于1996年，产品主要分为锂电池精密结构件、汽车结构件两大类，其中锂电池结构件业务在营收中占比超95%，是公司主要业绩来源。公司坚持定...,洪一，侯河清，吴征洋,强烈推荐（首次）,16,2025-07-30,wyc****33,3,2025-07-31 10:05:36,,
投研资讯,国信证券-药明康德-603259-2025年半年报点评：TIDES业务高速增长，2025年二季度增长提速-250730,"核心观点
　　 2025年二季度增长提速。2025上半年公司实现营业收入207.99亿元（+20.6%，持续经营业务收入+24.2%）；归母净利润85.61亿元（+101.9%...",彭思宇，陈曦炳，凌珑,优于大市,8,2025-07-30,侯**辉,3,2025-07-31 10:05:36,,
投研资讯,太平洋证券-国邦医药-605507-Q2业绩符合市场预期，动保产品市占率持续提升-250729,"事件
　　2025年7月29日，公司发布2025年半年报，2025H1公司实现营业收入30.26亿元（YoY+4.63%），归母净利润4.56亿元（YoY+12.60%），扣非...",周豫，乔露阳,买入,5,2025-07-30,xia****lu,3,2025-07-31 10:05:36,,
投研资讯,东方证券-甘李药业-603087-创新药数据频出，GZR18降糖效果亮眼-250730,"核心观点
　　创新管线数据读出，中长期增长力不断丰富。公司研发开支行业领先，2025年以来有多款重磅产品逐步披露II期临床数据，其中GZR18（博凡格鲁肽）降糖效果优异，胰岛素...",伍云飞，赵博宇,买入,5,2025-07-30,lj***2,3,2025-07-31 10:05:36,,
投研资讯,华鑫证券-天龙股份-603266-公司动态研究报告：深耕塑料精密制造，汽车电子+轻量化双驱动-250730,"▌聚焦汽车电子零部件和轻量化结构件
　　公司深耕塑料精密制造，拥有“精密模具、注塑、冲压、装配”一站式能力，产品主要覆盖汽车和电工电器两大领域，其中，汽车零部件领域主要涉及汽车...",张涵，林子健，傅鸿浩,买入（首次）,5,2025-07-30,jak****hh,3,2025-07-31 10:05:36,,
投研资讯,华金证券-生益科技-600183-AI浪潮下，PCB&覆铜板业务有望持续增长-250730,"投资要点
　　覆铜板营收增加&子公司生益电子业绩大幅增长，共促公司业绩提升。根据公司2025年半年度业绩预增公告，2025H1，预计公司实现归母利润14.00亿元-14.50亿...",熊军，宋鹏,增持（首次）,8,2025-07-30,wanc******222,3,2025-07-31 10:05:36,,
投研资讯,国投证券-诚意药业-603811-氨糖续约后稳健放量，神经酸创新推动研发渐入佳境-250730,"盐酸氨基葡萄糖胶囊：通过集采扩大市场覆盖，销售精细化管理推动终端放量
　　关节软骨保护剂用药需求持续提升，推动国内氨糖制剂的市场规模稳步增长。公司顺应行业趋势，借助医院终端集采...",冯俊曦,买入-A（首次）,22,2025-07-30,dus****hk,3,2025-07-31 10:05:36,,
投研资讯,国投证券-药明康德-603259-项目管线厚积薄发，2025H1业绩高增长-250730,"事件：
　　公司发布了2025年半年度报告，2025H1公司分别实现营收和归母净利润207.99亿元和85.61亿元，分别同比增长20.64%和101.92%。
　　核心业务快...",冯俊曦,买入-A,5,2025-07-30,ts***x,3,2025-07-31 10:05:36,,
投研资讯,华西证券-药明康德-603259-业绩延续快速增长，在手订单维持高速增长-250730,"事件概述
　　公司发布2025年中报：25H1实现营业收入207.99亿元，同比增长20.64%、实现归母净利润85.61亿元，同比增长101.92%、实现扣非净利润55.82...",崔文亮，徐顺利,买入,5,2025-07-30,bad****er,3,2025-07-31 10:05:36,,
投研资讯,华西证券-豪能股份-603809-汽车传动专家，新产品+新赛道打开长期成长空间-250728,"核心观点：
　　公司深耕汽车传动系统领域。公司主要产品包括汽车零部件和航空航天零部件两大类，汽车零部件业务主要包括同步器和差速器两大总成系统。通过“产品+服务+创新”三维协同模...",白宇，庞博,增持（首次）,43,2025-07-30,dj***c,3,2025-07-31 10:05:36,,
投研资讯,民生证券-威胜信息-688100-2025年中报点评：25H1公司经营稳健，在手订单充裕支撑成长-250730,事件：2025年7月29日，公司发布2025年中报，2025H1实现收入13.68亿元，同比增加11.88%；归母净利润3.05亿元，同比增加12.24%；扣非归母净利润2.9...,邓永康，李佳，许浚哲,推荐,3,2025-07-30,ida****co,3,2025-07-31 10:05:36,,
投研资讯,中邮证券-迈威生物-688062-BD落地优化现金流，ADC+TCE平台产品出海可期-250730,"商业化快速推进，研发管线持续加码
　　2024年度，公司实现营收2.0亿元（+56.28%），主要来自药品销售收入14459.2万元和技术服务收入5503.0万元。2025Q1...",盛丽华,买入（首次）,5,2025-07-30,pow****01,3,2025-07-31 10:05:36,,
投研资讯,光大证券-宝武镁业-002182-动态跟踪报告：镁铝价格比近11个月持续小于1，汽车和机器人轻量化领域持续渗透-250730,镁价下行拖累公司业绩：公司2024年和2025年Q1各实现营业收入89.83亿和20.33亿元，同比增长17.39%和9.08%；实现归属于上市公司股东的净利润1.6亿元和0....,王招华，马俊,增持,4,2025-07-30,mop****12,3,2025-07-31 10:05:36,,
投研资讯,浦银国际-药明康德-603259-2Q25业绩显著超预期，上调全年指引-250729,"公司2Q25业绩显著好于市场预期，全年收入指引上调至13%-17% YoY增速。维持“买入”评级，上调港股/A股目标价。
　　2Q25持续经营收入+25% YoY,经调整Non...",阳景，胡泽宇,买入,9,2025-07-30,wen****er,3,2025-07-31 10:05:36,,
投研资讯,山西证券-海大集团-002311-饲料业务基本面显著回升-250730,公司披露2025年半年报。公司2025年上半年实现营业收入588.31亿元，同比增长12.50%，归属净利润26.39亿元，同比增长24.16%，EPS1.59元，加权平均RO...,陈振志，张彦博,买入-A,5,2025-07-30,jin****ng,3,2025-07-31 10:05:36,,
投研资讯,东莞证券-兆易创新-603986-深度报告：（可公开）国内存储、MCU双龙头企业，平台化布局助力企业成长-250730,"投资要点：
　　国内存储、MCU双龙头企业，平台化布局助力企业成长。兆易创新股份有限公司成立于2005年，并于2016年在上交所主板上市。公司自成立以来采用fabless生产模...",刘梦麟，陈伟光,买入,32,2025-07-30,son****po,3,2025-07-31 10:05:36,,
投研资讯,东莞证券-厦门钨业-600549-深度报告：钨钼栋梁承伟业，磁材风华展锋芒-250730,"投资要点：
　　聚焦发展钨钼、稀土、能源新材料三大核心业务。公司形成钨钼、稀土、能源新材料三大核心业务协同发展的产业生态，技术、资源与产业链的协同效应显著。公司拥有完整的钨产业...",许正堃,买入,27,2025-07-30,心***,3,2025-07-31 10:05:36,,
投研资讯,中邮证券-江河集团-601886-发布三年高分红规划，海外订单高增驱动成长-250730,"事件
　　（1）公司发布《未来三年（2025-2027年度）股东回报规划》，2025-2027年度，每一年度以现金方式分配的利润不低于当年度归属于上市公司股东净利润的80%或按...",赵洋,买入,5,2025-07-30,wang******315,4,2025-07-31 10:05:37,,
投研资讯,开源证券-东鹏饮料-605499-公司信息更新报告：高基数下较快增长，新品表现强劲-250730,"2025H1维持较快增长
　　公司2025H1收入107.4亿元，同比增36.4%，扣非前后归母净利润23.7、22.7亿元，同比增37.2%、33.0%。2025Q2单季收入...",张宇光，方勇,增持,4,2025-07-30,you****en,4,2025-07-31 10:05:37,,
投研资讯,东吴证券-宏发股份-600885-2025年半年报点评：业绩总体符合预期，高压直流&工控超预期增长-250730,"投资要点
　　25Q2营收同比+16%、归母净利润+13%、业绩符合预期。公司25H1营收83.47亿元，同增15.43%；归母净利润9.64亿元，同增14.19%；其中25Q...",曾朵红，谢哲栋,买入,3,2025-07-30,sta****re,4,2025-07-31 10:05:37,,
投研资讯,国联民生证券-粤海饲料-001313-技术筑基，乘行业回暖东风望业绩复苏-250730,"投资要点
　　特水饲料领域领军者，技术构筑产品竞争力
　　公司深耕特种水产饲料30余年，专注对虾、金鲳、海鲈等海水品种饲料研发与销售，2024年饲料销量78.71万吨，其中特水...",王明琦，马鹏,增持（首次）,23,2025-07-30,futu******ble,4,2025-07-31 10:05:37,,
投研资讯,国联民生证券-海大集团-002311-境内外饲料销量高增，养殖业务表现稳健-250730,"事件
　　公司披露2025半年度报告，实现营收588.31亿元，同比增长12.50%；归母净利润26.39亿元，同比增长24.16%。拟向全体股东每10股派发现金红利2.00元...",王明琦，马鹏,买入,6,2025-07-30,jian******888,4,2025-07-31 10:05:37,,
投研资讯,中邮证券-统联精密-688210-统合精工，联动智造-250730,生成式AI技术快速演进，新一轮AI硬件创新浪潮掀起。随着AI技术的快速发展，消费电子与智能硬件正迎来全面革新。在这一硬件创新浪潮中，折叠屏手机、AIPC、智能眼镜及可穿戴设备等...,吴文吉,买入（首次）,5,2025-07-30,pw***1,4,2025-07-31 10:05:37,,
投研资讯,山西证券-安培龙-301413-温度、压力及氧传感器夯实基础，力传感器开辟机器人应用新场景-250730,"投资要点：
　　公司专业从事热敏电阻及温度传感器、氧传感器、压力传感器研发、生产和销售。安培龙拥有领先的智能传感器高端研发平台，自主掌握从材料到芯片到传感器全产业链关键核心技术...",叶中正，冯瑞，谷茜,增持-A（首次）,31,2025-07-30,lif****ei,4,2025-07-31 10:05:37,,
投研资讯,联储证券-赤峰黄金-600988-厚积薄发，行稳致远-250729,"投资要点：
　　公司主要在全球范围内从事黄金的采选和销售业务，是我国最大的民营黄金生产商。
　　境内管理并运营四座贵金属矿山，是公司黄金供应体系基石。五龙金矿和吉隆撰山子金矿是...",李纵横,买入（首次）,46,2025-07-30,1319******368,4,2025-07-31 10:05:37,,
投研资讯,光大证券-苏交科-300284-2025年半年报点评：业绩承压，持续深化低空业务布局-250729,"事件：苏交科发布25年半年报,25H1公司实现营业收入/归母净利润/扣非归母净利润17.8/1.0/0.7亿元，同比-13.8%/-39.5%/-50.9%。25Q2公司实现营...",孙伟风，吴钰洁,买入,3,2025-07-30,ze***u,4,2025-07-31 10:05:37,,
投研资讯,太平洋证券-大秦铁路-601006-25Q1点评，迎峰度夏，煤价反弹带来运输量回升-250729,"事件
　　近期，大秦铁路披露2024年报。本报告期内，实现营业总收入746.27亿，同比减-7.89%；归母净利90.39亿，同比减-24.23%；扣非归母净利90.36亿，同...",程志峰,增持,4,2025-07-30,wxj****20,4,2025-07-31 10:05:37,,
投研资讯,光大证券-药明康德-603259-2025年半年报点评：毛利率改善明显，TIDES业务增长强劲-250730,事件：公司发布2025年半年报，实现营业收入207.99亿元（YOY+ 20.64%）；实现归母净利润85.61亿元（YOY+101.92%）；实现扣非归母净利润55.8亿元（...,王明瑞，叶思奥,买入,3,2025-07-30,一**鸟,4,2025-07-31 10:05:37,,
投研资讯,华福证券-华能国际-600011-煤价下跌释放成本红利，风光放量新增投产超6GW-250730,事件：公司发布了2025年上半年报告，1H2025公司实现营收1120.32亿元，同比减少5.7%；归母净利润92.62亿元，同比增加24.26%。分季度看，2Q2025单季度...,严家源,买入,3,2025-07-30,alan******005,4,2025-07-31 10:05:37,,
投研资讯,开源证券-并行科技-839493-北交所信息更新：与阿里云正式签署框架合作协议共建算力生态，2025H1归母净利润同比+20%-250729,"2025H1实现营收4.58亿元（+69.27%），归母净利润507.86万元（+20.05%）
　　并行科技2025H1实现营收4.58亿元，同比+69.27%；归母净利润5...",诸海滨,增持,4,2025-07-30,wxj****14,4,2025-07-31 10:05:37,,
投研资讯,国金证券-华能国际-600011-燃料降本、绿电装机共驱业绩增长-250730,"业绩简评
　　2025年7月29日晚间公司披露25年中报，1H25实现营收1120.3亿元，同比-5.7%；归母净利润92.6亿元，同比+24.3%。业绩符合市场预期。其中，单...",李蓉，张君吴,买入,4,2025-07-30,几**与,4,2025-07-31 10:05:37,,
投研资讯,国金证券-苏试试验-300416-业绩拐点显现，格局优化强者恒强-250729,"业绩简评
　　公司发布2025半年报：25H1营收9.91亿（同比+8.1%），归母净利润1.17亿（同比+14.2%），扣非净利润1.14亿（+20.7%）；其中25Q2营收...",杨晨，任旭欢,买入,4,2025-07-30,ti***i,4,2025-07-31 10:05:37,,
投研资讯,财通证券-杭叉集团-603298-电动化、国际化、智能化三重驱动，公司阔步迈向新时代-250729,"核心观点
　　聚焦智能搬运领域，打造叉车行业龙头。公司专注于叉车等工业车辆的研发、生产和销售，同时提供智能物流整体解决方案及后市场业务，形成完整产业链布局；公司自2017年以来...",佘炜超，张豪杰,增持,27,2025-07-30,lyy****27,4,2025-07-31 10:05:37,,
投研资讯,开源证券-南都物业-603506-公司深度报告：全业态市场化拓展，清洁机器人赋能服务升级-250728,"全业态布局，清洁机器人赋能服务升级，维持“买入”评级
　　南都物业作为独立第三方物业服务企业，布局住宅、商写、城市服务三大领域，实现“一体两翼”三大赛道协同发展。公司市场化程度...",齐东，胡耀文,买入,20,2025-07-29,1209******hun,4,2025-07-31 10:05:37,,
投研资讯,开源证券-海大集团-002311-公司信息更新报告：饲料主业快速增长，海外市场表现亮眼-250729,"饲料主业快速增长，海外市场表现亮眼，维持“买入”评级
　　海大集团发布2025年中报，2025H1营收588.31亿元，同比+12.50%，归母净利润26.39亿元，同比+24...",陈雪丽,买入,4,2025-07-29,lud****up,4,2025-07-31 10:05:37,,
投研资讯,民生证券-宏发股份-600885-2025年半年报点评：25Q2符合预期，新门类捷报频传-250729,事件：2025年7月29日，公司发布2025年半年报，25H1公司实现收入83.47亿元，同比增加15.43%；归母净利润9.64亿元，同比增加14.19%；扣非归母净利润9....,邓永康，李佳，许浚哲,推荐,3,2025-07-29,蜀**影,4,2025-07-31 10:05:37,,
投研资讯,华安证券-海大集团-002311-饲料增量接近全年目标，海外市场保持高增速-250729,"1H2025归母净利润26.4亿元，同比增长24.2%
　　公司公布半年报：2025年1-6月，公司实现收入588.3亿元，同比增长12.5%，实现归母净利润26.4亿元，同比...",王莺,买入,4,2025-07-29,wta****08,4,2025-07-31 10:05:37,,
投研资讯,国金证券-湘财股份-600095-携手金融科技行业聚势共赢，财富管理转型加速-250729,"核心内容
　　公司概况：湘财股份定位于金融科技赋能的特色财富管理发展路径，拟吸收合并大智慧打开盈利空间。公司前身于1997年在上交所上市，2020年6月完成重大资产重组，通过发...",舒思勤，洪希柠，夏昌盛,买入（首次）,17,2025-07-29,mi***o,5,2025-07-31 10:05:39,,
投研资讯,东方证券-永新光学-603297-高端显微镜国产替代空间大且节奏加速，公司深度受益-250729,高端显微镜国产替代预期差显著，设备更新节奏有望加速。公司是国家级制造业单项冠军示范企业，并已迈入高端光学显微镜国产替代的新阶段。中国高端光学显微镜市场空间巨大，但长期被外国企业...,韩潇锐，薛宏伟,买入,5,2025-07-29,ron****do,5,2025-07-31 10:05:39,,
投研资讯,太平洋证券-东鹏饮料-605499-平台化能力持续增强，Q2收入延续高增-250728,事件：公司发布2025年半年报，2025H1公司实现收入107.37亿元，同比+36.37%，归母净利润23.75亿元，同比+37.22%；扣非归母净利润22.70亿元，同比+...,郭梦婕，肖依琳,买入,5,2025-07-29,何***,5,2025-07-31 10:05:39,,
投研资讯,华西证券-华光新材-688379-第二曲线开启，钎焊龙头高速成长期已至-250726,华光新材：钎焊材料龙头，逐步拓宽下游。根据公司2024年年报，2024年公司实现收入19.18亿元，同比增长35.5%；2024年公司归母净利润为0.81亿元，同比增长93.8...,黄瑞连，石城,买入,28,2025-07-29,wan****87,5,2025-07-31 10:05:39,,
投研资讯,华安证券-百龙创园-605016-25Q2业绩同环比持续增长，阿洛酮糖准入落地-250729,"事件描述
　　2025年7月14日，公司发布2025年半年度业绩快报。公司2025年上半年实现营收6.50亿元，同比+22.29%；实现归母净利润1.71亿元，同比+42.68...",王强峰，刘天其,增持,4,2025-07-29,sunk******592,5,2025-07-31 10:05:39,,
投研资讯,光大证券-艾德生物-300685-2025年半年报点评：业绩表现亮眼，国际化持续推进-250729,事件：公司发布25年半年报，2025H1公司实现营业收入5.79亿元，同比增长6.69%；归属于上市公司股东的净利润1.89亿元，同比大幅增长31.41%；扣除非经常性损益后的...,王明瑞，黎一江,买入,3,2025-07-29,侯***,5,2025-07-31 10:05:39,,
投研资讯,中邮证券-瑞芯微-603893-首发端侧协处理器，助力AIOT 2.0时代-250729,"事件
　　公司重磅首发端侧AI大模型协处理器RK1820/RK1828，专为端侧大模型设计，具备高算力和高带宽特性。
　　投资要点
　　首款端侧协处理器重磅发布，适用于多个端侧...",万玮，吴文吉,买入,5,2025-07-29,caro******013,5,2025-07-31 10:05:39,,
投研资讯,辉立证券-宇通客车-600066-海外市場有望打開成長空間-250729,"公司簡介
　　宇通客車是國內客車製造領軍企業，產品覆蓋公路客運、旅遊客運、公交客運、團體通勤、校車、景區車、機場擺渡車、自動駕駛微循環車、專用車等各個細分市場，可滿足5米至18...",章晶,买入（上调）,6,2025-07-29,会***,5,2025-07-31 10:05:39,,
投研资讯,财通证券-海大集团-002311-饲料主业景气延续，内外销量较快增长-250729,事件：公司1H2025营业收入+12.50%，归母净利润+24.16%。公司2025年上半年实现营业收入588.31亿元（同比+12.50%），归母净利润26.39亿元（同比+...,肖珮菁,增持,3,2025-07-29,lu***7,5,2025-07-31 10:05:39,,
投研资讯,国投证券-福能股份-600483-清洁发电与热电联产双轨并行，盈利总体稳中有升-250729,"事件：
　　2025年7月25日，公司发布2025年上半年业绩快报，公司2025H1营业总收入为63.69亿元（同比-4.44%），利润总额为20.06亿元（同比+20.86%...",汪磊，卢璇,买入-A,4,2025-07-29,ying******xin,5,2025-07-31 10:05:39,,
投研资讯,开源证券-芯碁微装-688630-公司深度报告：领先的LDI设备公司，受益PCB设备投资扩张与先进封装产业趋势-250729,"核心观点：PCB设备受益扩产，半导体设备布局加速，维持“增持”评级
　　因公司一期工厂产能受限，我们下修公司2025年盈利预测，同时考虑到：公司受益下游PCB厂商扩产，且公司二...",陈蓉芳，陈瑜熙,增持,31,2025-07-29,342****24,5,2025-07-31 10:05:39,,
投研资讯,东莞证券-海大集团-002311-2025年中报点评：饲料销量保持较快增长-250729,"事件：公司发布了2025年中报。公司2025年上半年实现总营业收入588.31亿元，同比增长12.5%；实现归母净利润26.39亿元，同比增长24.16%。业绩符合预期。
　　...",魏红梅,买入,3,2025-07-29,jol****ee,5,2025-07-31 10:05:39,,
投研资讯,华金证券-胜宏科技-300476-聚焦AI服务器高端产品需求，业绩增长动能强劲-250728,"投资要点
　　人工智能AI催生PCB行业增长新动能，深度参与国际头部大客户新产品预研。受益于人工智能AI算力基建带来的服务器、交换机需求高速增长，以及AI开启的消费电子终端创新...",熊军，宋鹏,增持（首次）,7,2025-07-29,youb******123,5,2025-07-31 10:05:39,,
投研资讯,国信证券-东鹏饮料-605499-上半年收入同比增长36%，补水啦成为第二曲线，增长强劲-250729,"核心观点
　　公司2025年上半年收入同比增长36%。东鹏饮料发布2025年半年报，2025H1实现收入107.4亿元，同比增长36.4%，归母净利润23.7亿元，同比增长37...",张向伟，柴苏苏,优于大市,6,2025-07-29,cxc****en,5,2025-07-31 10:05:39,,
投研资讯,华安证券-中化国际-600500-拟收购南通星辰，公司发展迈上新台阶-250729,"事件描述
　　7月28日，中化国际发布公告，拟发行股份购买蓝星集团所持有的南通星辰100%股权，交易作价尚未确定。
　　南通星辰是国内环氧树脂领先企业，同时有PPO等新材料优质...",王强峰，潘宁馨,增持,4,2025-07-29,boy****yc,5,2025-07-31 10:05:39,,
投研资讯,东莞证券-东鹏饮料-605499-2025年半年报点评：增长势能延续，深耕渠道布局-250729,"投资要点：
　　事件：公司发布2025年半年报。
　　点评
　　公司2025Q2收入维持高增。公司2025H1实现营业总收入107.37亿元，同比增长36.37%；实现归母净利...",黄冬祎,买入（首次）,3,2025-07-29,欢**梦,5,2025-07-31 10:05:39,,
投研资讯,天风证券-苏交科-300284-业绩短期有所承压，大力拓展低空业务发展-250729,"业绩有所承压
　　公司25H1实现收入17.76亿，同比-13.75%，归母净利润0.95亿，同比-39.54%，扣非净利润为0.67亿，同比-50.85%；Q2单季实现收入9...",鲍荣富，王涛，王悦宜,增持,3,2025-07-29,coc****za,5,2025-07-31 10:05:39,,
投研资讯,国投证券-索辰科技-688507-举办物理AI论坛，多场景布局应用落地-250729,"事件概述
　　7月28日，索辰科技股份在2025世界人工智能大会上成功举办“物理AI驱动虚拟训练全球革新”主题论坛。作为物理人工智能领域的领军企业，索辰科技以“物理AI”为核心...",赵阳，夏瀛韬,买入-A,6,2025-07-29,wjt****ip,5,2025-07-31 10:05:39,,
投研资讯,民生证券-能科科技-603859-公司点评：AI+军工最佳卡位，员工持股彰显信心-250729,"事件：近期，能科科技发布投资者关系活动记录表，阐述了公司2025年员工持股计划背后的AI规划：能科科技发布2025年员工持股计划，计划资金总规模不超过1,000.00万元。其中...",吕伟,推荐,5,2025-07-29,hyh****sy,5,2025-07-31 10:05:39,,
投研资讯,群益证券-东鹏饮料-605499-第二曲线发展迅速，看好平台型成长-250729,"业绩概要：
　　公告2025年上半年实现营收107.4亿，同比增36.4%，录得归母净利润23.8亿，同比增37.2%；第二季度实现营收约59亿，同比增34.1%，录得归母净利...",顾向君,买进（首次）,3,2025-07-29,tao****al,5,2025-07-31 10:05:39,,
最新买入,华安证券-龙迅股份-688486-安徽半导体产业巡礼系列（1）：国内高清视频芯片领军者，汽车/AR业务打开成长空间-250722,,,买入（首次）,,,,1,2025-07-31 10:05:43,公司调研,2025-07-31
最新买入,华安证券-中鼎股份-000887-汽零白马卡位机器人，低估值高弹性兼备-250729,,,买入（首次）,,,,1,2025-07-31 10:05:43,公司调研,2025-07-31
最新买入,国联民生证券-科达利-002850-结构件强者恒强，PEEK赋能机器人轻量化-250731,,,买入,,,,1,2025-07-31 10:05:43,公司调研,2025-07-31
最新买入,西南证券-海思科-002653-启动HSK21542注射液用于骨科手术后镇痛的III期临床试验-250727,,,买入,,,,1,2025-07-31 10:05:43,公司调研,2025-07-31
最新买入,华鑫证券-安徽合力-600761-公司动态研究报告：出海深化拓展全球增量，锂电化、智能化引领产业新生态-250731,,,买入,,,,1,2025-07-31 10:05:43,公司调研,2025-07-31
最新买入,东莞证券-华测导航-300627-深度报告：深耕高精度时空信息产业，泛化应用布局创造价值-250731,,,买入,,,,1,2025-07-31 10:05:43,公司调研,2025-07-31
最新买入,开源证券-国邦医药-605507-公司信息更新报告：2025Q2业绩超预期，动保板块迎来大幅增长-250731,,,买入,,,,1,2025-07-31 10:05:43,公司调研,2025-07-31
最新买入,中原证券-光迅科技-002281-公司点评报告：高速率光模块批量出货，国内云厂商中标份额领先-250731,,,买入（首次）,,,,1,2025-07-31 10:05:43,公司调研,2025-07-31
最新买入,东莞证券-汉得信息-300170-深度报告：全面布局B端AI应用体系，助力企业数字化转型-250731,,,买入,,,,1,2025-07-31 10:05:43,公司调研,2025-07-31
最新买入,东莞证券-宁德时代-300750-2025年中报点评：H1净利同比增超三成，Q2净利同环比双增-250731,,,买入,,,,1,2025-07-31 10:05:43,公司调研,2025-07-31
最新买入,财信证券-海博思创-688411-储能系统领军企业，产品和客户优势明显-250730,,,买入（首次）,,,,1,2025-07-31 10:05:43,公司调研,2025-07-31
最新买入,华西证券-金河生物-002688-化药业务量价齐升驱动业绩高增，成本优势持续凸显-250731,,,买入,,,,1,2025-07-31 10:05:43,公司调研,2025-07-31
最新买入,华安证券-极米科技-688696-2025Q2预告点评：业绩大幅改善-250731,,,买入,,,,1,2025-07-31 10:05:43,公司调研,2025-07-31
最新买入,天风证券-威胜信息-688100-在手订单充裕海外业务良好发展，AI助力新业务快速增长-250731,,,买入,,,,1,2025-07-31 10:05:43,公司调研,2025-07-31
最新买入,开源证券-药明康德-603259-公司信息更新报告：2025H1业绩超预期，TIDES业务强劲增长-250731,,,买入,,,,1,2025-07-31 10:05:43,公司调研,2025-07-31
最新买入,东方证券-首旅酒店-600258-首免零售板块增长，OTA佣金战有利于酒店利润率提升-250731,,,买入,,,,1,2025-07-31 10:05:43,公司调研,2025-07-31
最新买入,华鑫证券-珍宝岛-603567-公司事件点评报告：短期集采影响，研发储备向创新转型-250731,,,买入（首次）,,,,1,2025-07-31 10:05:43,公司调研,2025-07-31
最新买入,华鑫证券-世运电路-603920-公司动态研究报告：汽车PCB技术领先，绑定特斯拉成长空间广阔-250731,,,买入,,,,1,2025-07-31 10:05:43,公司调研,2025-07-31
最新买入,中邮证券-华康洁净-301235-中报业绩高速增长，股权激励彰显公司信心-250731,,,买入（上调）,,,,1,2025-07-31 10:05:43,公司调研,2025-07-31
最新买入,华安证券-海信家电-000921-25Q2点评：空调业务承压，冰洗盈利改善-250731,,,买入,,,,1,2025-07-31 10:05:43,公司调研,2025-07-31
最新买入,华安证券-国轩高科-002074-技术引领推动电池创新，高度国际化盈利领先-250730,,,买入（首次）,,,,1,2025-07-31 10:05:43,公司调研,2025-07-31
最新买入,国联民生证券-东鹏饮料-605499-新品延续高增长，看好公司平台化发展-250731,,,买入,,,,1,2025-07-31 10:05:43,公司调研,2025-07-31
最新买入,长城证券-湖南海利-600731-公司季度业绩同比回升，看好新基地建设及现有基地技改-250731,,,买入（首次）,,,,1,2025-07-31 10:05:43,公司调研,2025-07-31
最新买入,天风证券-泽璟制药-688266-兼具销售放量和研发成果兑现的优秀创新药企-250731,,,买入,,,,1,2025-07-31 10:05:43,公司调研,2025-07-31
最新买入,长城证券-深天马A-000050-面板领先企业盈利修复，车载&柔性OLED开启成长新周期-250731,,,买入,,,,1,2025-07-31 10:05:43,公司调研,2025-07-31
最新买入,光大证券-苏试试验-300416-2025年中报点评：Q2表现亮眼，看好下半年各业务板块增长潜力-250731,,,买入,,,,1,2025-07-31 10:05:43,公司调研,2025-07-31
最新买入,国金证券-宁德时代-300750-业绩好于预期，量利保持稳健-250731,,,买入,,,,1,2025-07-31 10:05:43,公司调研,2025-07-31
最新买入,东吴证券-宁德时代-300750-2025年中报点评：业绩略超预期，净利率再提升，龙头恒强-250731,,,买入,,,,1,2025-07-31 10:05:43,公司调研,2025-07-31
最新买入,开源证券-恩华药业-002262-公司信息更新报告：神经类业务快速增长，创新管线逐步兑现-250731,,,买入,,,,1,2025-07-31 10:05:43,公司调研,2025-07-31
最新买入,华西证券-顺络电子-002138-AI终端带动需求提升，新兴战略业务增速显著-250730,,,买入,,,,1,2025-07-31 10:05:43,公司调研,2025-07-31
最新买入,光大证券-电力设备新能源行业欧洲海风系列报告（一）：多国政策边际改善，欧洲海风景气持续向上-250730,,,买入,,,,1,2025-07-31 10:05:43,行业分析,2025-07-31
最新买入,华鑫证券-西部矿业-601168-公司事件点评报告：半年度业绩同比增长，主要金属采选冶指标向好-250731,,,买入,,,,1,2025-07-31 10:05:43,公司调研,2025-07-31
最新买入,东吴证券-安克创新-300866-拟发布限制性股票激励计划，授予价格无折让彰显公司信心-250731,,,买入,,,,1,2025-07-31 10:05:43,公司调研,2025-07-31
最新买入,国金证券-爱玛科技-603529-产品&渠道优化推动量价齐升，两轮电动车龙头开启新成长周期-250730,,,买入（首次）,,,,1,2025-07-31 10:05:43,公司调研,2025-07-31
最新买入,东方证券-深信服-300454-AI本地化部署需求兴起，公司有望充分受益-250730,,,买入,,,,1,2025-07-31 10:05:43,公司调研,2025-07-31
最新买入,东方证券-朗新集团-300682-能源数字化领先者，全面拥抱AI、区块链新技术-250730,,,买入,,,,1,2025-07-31 10:05:43,公司调研,2025-07-30
最新买入,东吴证券-华能国际-600011-2025半年报点评：超市场预期，关注火电资本开支下行周期下资产质量改善-250730,,,买入,,,,1,2025-07-31 10:05:43,公司调研,2025-07-30
最新买入,东吴证券-菲利华-300395-股权激励绑定核心人才与公司长期利益，进一步健全长效激励机制-250730,,,买入,,,,1,2025-07-31 10:05:43,公司调研,2025-07-30
最新买入,太平洋证券-国邦医药-605507-Q2业绩符合市场预期，动保产品市占率持续提升-250729,,,买入,,,,1,2025-07-31 10:05:43,公司调研,2025-07-30
最新买入,东方证券-甘李药业-603087-创新药数据频出，GZR18降糖效果亮眼-250730,,,买入,,,,1,2025-07-31 10:05:43,公司调研,2025-07-30
最新买入,华鑫证券-天龙股份-603266-公司动态研究报告：深耕塑料精密制造，汽车电子+轻量化双驱动-250730,,,买入（首次）,,,,1,2025-07-31 10:05:43,公司调研,2025-07-30
最新买入,国投证券-诚意药业-603811-氨糖续约后稳健放量，神经酸创新推动研发渐入佳境-250730,,,买入-A（首次）,,,,1,2025-07-31 10:05:43,公司调研,2025-07-30
最新买入,国投证券-药明康德-603259-项目管线厚积薄发，2025H1业绩高增长-250730,,,买入-A,,,,1,2025-07-31 10:05:43,公司调研,2025-07-30
最新买入,华西证券-药明康德-603259-业绩延续快速增长，在手订单维持高速增长-250730,,,买入,,,,1,2025-07-31 10:05:43,公司调研,2025-07-30
最新买入,中邮证券-迈威生物-688062-BD落地优化现金流，ADC+TCE平台产品出海可期-250730,,,买入（首次）,,,,1,2025-07-31 10:05:43,公司调研,2025-07-30
最新买入,浦银国际-药明康德-603259-2Q25业绩显著超预期，上调全年指引-250729,,,买入,,,,1,2025-07-31 10:05:43,公司调研,2025-07-30
最新买入,山西证券-海大集团-002311-饲料业务基本面显著回升-250730,,,买入-A,,,,1,2025-07-31 10:05:43,公司调研,2025-07-30
最新买入,东莞证券-兆易创新-603986-深度报告：（可公开）国内存储、MCU双龙头企业，平台化布局助力企业成长-250730,,,买入,,,,1,2025-07-31 10:05:43,公司调研,2025-07-30
最新买入,东莞证券-厦门钨业-600549-深度报告：钨钼栋梁承伟业，磁材风华展锋芒-250730,,,买入,,,,1,2025-07-31 10:05:43,公司调研,2025-07-30
最新买入,中邮证券-江河集团-601886-发布三年高分红规划，海外订单高增驱动成长-250730,,,买入,,,,1,2025-07-31 10:05:43,公司调研,2025-07-30
最新买入,东吴证券-宏发股份-600885-2025年半年报点评：业绩总体符合预期，高压直流&工控超预期增长-250730,,,买入,,,,2,2025-07-31 10:05:44,公司调研,2025-07-30
最新买入,国联民生证券-海大集团-002311-境内外饲料销量高增，养殖业务表现稳健-250730,,,买入,,,,2,2025-07-31 10:05:44,公司调研,2025-07-30
最新买入,中邮证券-统联精密-688210-统合精工，联动智造-250730,,,买入（首次）,,,,2,2025-07-31 10:05:44,公司调研,2025-07-30
最新买入,联储证券-赤峰黄金-600988-厚积薄发，行稳致远-250729,,,买入（首次）,,,,2,2025-07-31 10:05:44,公司调研,2025-07-30
最新买入,光大证券-苏交科-300284-2025年半年报点评：业绩承压，持续深化低空业务布局-250729,,,买入,,,,2,2025-07-31 10:05:44,公司调研,2025-07-30
最新买入,光大证券-药明康德-603259-2025年半年报点评：毛利率改善明显，TIDES业务增长强劲-250730,,,买入,,,,2,2025-07-31 10:05:44,公司调研,2025-07-30
最新买入,华福证券-华能国际-600011-煤价下跌释放成本红利，风光放量新增投产超6GW-250730,,,买入,,,,2,2025-07-31 10:05:44,公司调研,2025-07-30
最新买入,国金证券-华能国际-600011-燃料降本、绿电装机共驱业绩增长-250730,,,买入,,,,2,2025-07-31 10:05:44,公司调研,2025-07-30
最新买入,国金证券-苏试试验-300416-业绩拐点显现，格局优化强者恒强-250729,,,买入,,,,2,2025-07-31 10:05:44,公司调研,2025-07-30
最新买入,国金证券-医药行业慢阻肺专题深度：慢病蓝海疗法迭代，国产新药BD潜力凸显-250729,,,买入,,,,2,2025-07-31 10:05:44,行业分析,2025-07-29
最新买入,开源证券-南都物业-603506-公司深度报告：全业态市场化拓展，清洁机器人赋能服务升级-250728,,,买入,,,,2,2025-07-31 10:05:44,公司调研,2025-07-29
最新买入,开源证券-海大集团-002311-公司信息更新报告：饲料主业快速增长，海外市场表现亮眼-250729,,,买入,,,,2,2025-07-31 10:05:44,公司调研,2025-07-29
最新买入,光大证券-机械行业周报2025年第30周：李强总理出席2025WAIC开幕式，Optimus机器人预计26年开始量产-250729,,,买入,,,,2,2025-07-31 10:05:44,行业分析,2025-07-29
最新买入,国金证券-农林牧渔行业研究：牧业专题二，全球肉牛价格开启上行，看好牧业景气周期-250729,,,买入,,,,2,2025-07-31 10:05:44,行业分析,2025-07-29
最新买入,华安证券-海大集团-002311-饲料增量接近全年目标，海外市场保持高增速-250729,,,买入,,,,2,2025-07-31 10:05:44,公司调研,2025-07-29
最新买入,国金证券-湘财股份-600095-携手金融科技行业聚势共赢，财富管理转型加速-250729,,,买入（首次）,,,,2,2025-07-31 10:05:44,公司调研,2025-07-29
最新买入,东方证券-永新光学-603297-高端显微镜国产替代空间大且节奏加速，公司深度受益-250729,,,买入,,,,2,2025-07-31 10:05:44,公司调研,2025-07-29
最新买入,太平洋证券-东鹏饮料-605499-平台化能力持续增强，Q2收入延续高增-250728,,,买入,,,,2,2025-07-31 10:05:44,公司调研,2025-07-29
最新买入,华西证券-华光新材-688379-第二曲线开启，钎焊龙头高速成长期已至-250726,,,买入,,,,2,2025-07-31 10:05:44,公司调研,2025-07-29
最新买入,光大证券-艾德生物-300685-2025年半年报点评：业绩表现亮眼，国际化持续推进-250729,,,买入,,,,2,2025-07-31 10:05:44,公司调研,2025-07-29
最新买入,中邮证券-瑞芯微-603893-首发端侧协处理器，助力AIOT 2.0时代-250729,,,买入,,,,2,2025-07-31 10:05:44,公司调研,2025-07-29
最新买入,辉立证券-宇通客车-600066-海外市場有望打開成長空間-250729,,,买入（上调）,,,,2,2025-07-31 10:05:44,公司调研,2025-07-29
最新买入,国投证券-福能股份-600483-清洁发电与热电联产双轨并行，盈利总体稳中有升-250729,,,买入-A,,,,2,2025-07-31 10:05:44,公司调研,2025-07-29
最新买入,东莞证券-海大集团-002311-2025年中报点评：饲料销量保持较快增长-250729,,,买入,,,,2,2025-07-31 10:05:44,公司调研,2025-07-29
最新买入,东莞证券-东鹏饮料-605499-2025年半年报点评：增长势能延续，深耕渠道布局-250729,,,买入（首次）,,,,2,2025-07-31 10:05:44,公司调研,2025-07-29
最新买入,国投证券-索辰科技-688507-举办物理AI论坛，多场景布局应用落地-250729,,,买入-A,,,,2,2025-07-31 10:05:44,公司调研,2025-07-29
最新买入,江海证券-民士达-833394-国产替代持续进行，公司业绩符合预期-250729,,,买入,,,,2,2025-07-31 10:05:44,公司调研,2025-07-29
最新买入,华西证券-芯碁微装-688630-直写光刻龙头，PCB、泛半导体双轮驱动公司成长-250727,,,买入（首次）,,,,2,2025-07-31 10:05:44,公司调研,2025-07-29
最新买入,华安证券-东鹏饮料-605499-25Q2业绩点评：蓄力充足+补水啦超预期+平台初现-250728,,,买入,,,,2,2025-07-31 10:05:44,公司调研,2025-07-29
最新买入,东方证券-东鹏饮料-605499-25H1点评：费投短期干扰盈利能力，收入端保持良好增长势能-250728,,,买入,,,,2,2025-07-31 10:05:44,公司调研,2025-07-28
最新买入,华西证券-源飞宠物-001222-宠物用品及食品双轮驱动，发力自主品牌-250728,,,买入（首次）,,,,2,2025-07-31 10:05:44,公司调研,2025-07-28
最新买入,华鑫证券-华工科技-000988-公司事件点评报告：联接业务爆发式增长，3D打印实现规模突破-250728,,,买入（首次）,,,,2,2025-07-31 10:05:44,公司调研,2025-07-28
最新买入,中邮证券-闻泰科技-600745-盈利能力持续修复-250728,,,买入,,,,2,2025-07-31 10:05:44,公司调研,2025-07-28
最新买入,中邮证券-中石科技-300684-中导高效，石散速捷-250728,,,买入（首次）,,,,2,2025-07-31 10:05:44,公司调研,2025-07-28
最新买入,光大证券-东鹏饮料-605499-2025年中报点评：“双引擎+多品类”产品矩阵持续完善，综合性饮料集团逐渐壮大-250728,,,买入,,,,2,2025-07-31 10:05:44,公司调研,2025-07-28
最新买入,国联民生证券-亿纬锂能-300014-动储持续发力，打造优质的锂电池全场景供应商-250728,,,买入,,,,2,2025-07-31 10:05:44,公司调研,2025-07-28
最新买入,财通证券-东鹏饮料-605499-1H2025业绩点评：双引擎引领增长，辩证看待费用投放-250728,,,买入,,,,2,2025-07-31 10:05:44,公司调研,2025-07-28
最新买入,东吴证券-希荻微-688173-定制化电源芯片精准出击，模拟细分龙头再起航-250728,,,买入（首次）,,,,2,2025-07-31 10:05:44,公司调研,2025-07-28
最新买入,光大证券-食品饮料行业周报：白酒已处于深度价值区间，大众品积极变革-250728,,,买入,,,,2,2025-07-31 10:05:44,行业分析,2025-07-28
最新买入,国元证券-东鹏饮料-605499-2025年中报点评：业绩延续高增，电解质饮料持续放量-250728,,,买入,,,,2,2025-07-31 10:05:44,公司调研,2025-07-28
最新买入,中邮证券-贵州百灵-002424-盈利能力显著提升，研发管线布局长远-250728,,,买入（首次）,,,,2,2025-07-31 10:05:44,公司调研,2025-07-28
最新买入,中航证券-华胜天成-600410-聚焦“算力基建+AI场景+华为生态”，双轨股权激励绑定ICT攻坚-250725,,,买入（首次）,,,,2,2025-07-31 10:05:44,公司调研,2025-07-28
最新买入,东吴证券-民士达-833394-2025中报点评：新能源汽车领域持续增长，高附加值产品占比及盈利能力稳步提升-250728,,,买入,,,,2,2025-07-31 10:05:44,公司调研,2025-07-28
最新买入,东吴证券-高测股份-688556-光伏反内卷加速供给侧优化，硅片代工龙头二季度有望扭亏-250728,,,买入,,,,2,2025-07-31 10:05:44,公司调研,2025-07-28
最新买入,华安证券-赛力斯-601127-Q2销量环比翻倍，上半年净利润高增-250724,,,买入,,,,2,2025-07-31 10:05:44,公司调研,2025-07-28
最新买入,华金证券-清溢光电-688138-国产掩膜版龙头，新一轮成长之路可期-250727,,,买入,,,,2,2025-07-31 10:05:44,公司调研,2025-07-28
最新买入,中邮证券-汇宇制药-688553-创新药研发起点高，多款具备FIC药物潜力-250728,,,买入（首次）,,,,2,2025-07-31 10:05:44,公司调研,2025-07-28
最新买入,国联民生证券-西部矿业-601168-矿产铜量价齐升驱动业绩增长，玉龙铜矿三期扩产可期-250728,,,买入,,,,2,2025-07-31 10:05:44,公司调研,2025-07-28
最新买入,西南证券-广深铁路-601333-大湾区铁路运输龙头，客运货运有望进一步增长-250716,,,买入（首次）,,,,2,2025-07-31 10:05:44,公司调研,2025-07-28
最新买入,华鑫证券-东鹏饮料-605499-公司事件点评报告：营收稳健增长，渠道精耕贡献增量-250728,,,买入,,,,2,2025-07-31 10:05:44,公司调研,2025-07-28
最新买入,中邮证券-东鹏饮料-605499-二季度冰柜费投加大，新品表现亮眼-250728,,,买入,,,,3,2025-07-31 10:05:45,公司调研,2025-07-28
最新买入,光大证券-电新公用环保行业周报：反内卷、雅下水电电新板块投资策略-250728,,,买入,,,,3,2025-07-31 10:05:45,行业分析,2025-07-28
最新买入,国金证券-公用事业及环保产业行业研究周报：6月光伏新增装机16GW，环比增幅收窄-250727,,,买入,,,,3,2025-07-31 10:05:45,行业分析,2025-07-28
最新买入,国金证券-轻工造纸行业研究：重视中烟香港获“长城”雪茄独家经销权，舆论或催化个护线上格局优化-250726,,,买入,,,,3,2025-07-31 10:05:45,行业分析,2025-07-27
最新买入,国金证券-有色金属行业研究：铜物质流跟踪报告，2025H1铜需求透支几何-250727,,,买入,,,,3,2025-07-31 10:05:45,行业分析,2025-07-27
最新买入,光大证券-农林牧渔行业周报：二季度产能小幅回升，均重及存栏量上行-250727,,,买入,,,,3,2025-07-31 10:05:45,行业分析,2025-07-27
最新买入,东吴证券-绿色动力-601330-25Q2供热同增133%进一步加速，提质增效提ROE逻辑持续兑现-250727,,,买入,,,,3,2025-07-31 10:05:45,公司调研,2025-07-27
最新买入,东吴证券-纳科诺尔-832522-干法电极设备持续突破，固态稀缺龙头大有可为-250727,,,买入（上调）,,,,3,2025-07-31 10:05:45,公司调研,2025-07-27
最新买入,国金证券-有色金属行业周报：缅甸矿扰动或进一步推涨稀土价格，钼价新高可期-250727,,,买入,,,,3,2025-07-31 10:05:45,行业分析,2025-07-27
最新买入,光大证券-银行业《中国银行业理财市场半年度报告（2025年上）点评》：2Q平稳收官，下半年还有哪些关注点？ -250727,,,买入,,,,3,2025-07-31 10:05:45,行业分析,2025-07-27
最新买入,国金证券-电子行业周报：斗山覆铜板业务Q2超预期，继续看好量价齐升的AI~PCB产业链-250727,,,买入,,,,3,2025-07-31 10:05:45,行业分析,2025-07-27
最新买入,国金证券-具身智能行业研究：特斯拉量产恢复推进，Robotaxi加速商业化落地-250727,,,买入,,,,3,2025-07-31 10:05:45,行业分析,2025-07-27
最新买入,国金证券-非银行金融行业周报：市场交投活跃，保险负债成本将进一步改善-250727,,,买入,,,,3,2025-07-31 10:05:45,行业分析,2025-07-27
最新买入,国金证券-农林牧渔行业周报：看好生猪产能调控，重视牧业景气周期-250727,,,买入,,,,3,2025-07-31 10:05:45,行业分析,2025-07-27
最新买入,国金证券-非金属建材行业周观点：RTF铜箔提价验证hvlp高景气，反内卷落点有望在超产约束-250727,,,买入,,,,3,2025-07-31 10:05:45,行业分析,2025-07-27
最新买入,国金证券-纺织品和服装行业周报：美关税落地提振出口预期；锦波生物HiveCOL胶原发布-250727,,,买入,,,,3,2025-07-31 10:05:45,行业分析,2025-07-27
最新买入,国金证券-具身智能行业周报：特斯拉量产恢复推进，Robotaxi加速商业化落地-250727,,,买入,,,,3,2025-07-31 10:05:45,行业分析,2025-07-27
最新买入,国金证券-计算机行业周报：字节跳动发布通用机器人模型GR~3，OpenAI与DeepMind获IMO金牌-250727,,,买入,,,,3,2025-07-31 10:05:45,行业分析,2025-07-27
最新买入,国金证券-传媒互联网产业行业周报：海外中国资产财报季开启-250727,,,买入,,,,3,2025-07-31 10:05:45,行业分析,2025-07-27
最新买入,国金证券-电子行业专题研究报告：电子配置&超配比例创历史新高，AI PCB为核心加仓方向-250727,,,买入,,,,3,2025-07-31 10:05:45,行业分析,2025-07-27
最新买入,天风证券-依依股份-001206-关税影响渐弱，产业地位优势显著-250727,,,买入,,,,3,2025-07-31 10:05:45,公司调研,2025-07-27
最新买入,国金证券-基础化工行业周报：多产品涨价，反内卷继续推进-250726,,,买入,,,,3,2025-07-31 10:05:45,行业分析,2025-07-27
最新买入,国金证券-交通运输产业行业周报：Q2交运板块持仓市值及占比提升，快递板块增幅明显-250727,,,买入,,,,3,2025-07-31 10:05:45,行业分析,2025-07-27
最新买入,国金证券-食品饮料行业周报：顺周期情绪回暖，关注强alpha标的业绩兑现-250726,,,买入,,,,3,2025-07-31 10:05:45,行业分析,2025-07-27
最新买入,国金证券-商贸零售行业周报：永辉公布自有品牌规划，美团饿了么有新动向-250727,,,买入,,,,3,2025-07-31 10:05:45,行业分析,2025-07-27
最新买入,国金证券-电力设备及新能源行业周报：大唐年度风机框采规模同比大增，电力设备出口高景气延续-250727,,,买入,,,,3,2025-07-31 10:05:45,行业分析,2025-07-27
最新买入,东吴证券-高能环境-603588-2025年半年报点评：业绩同增21%，资源化项目经营表现提升-250726,,,买入,,,,3,2025-07-31 10:05:45,公司调研,2025-07-27
最新买入,国金证券-机械行业周报：看好燃气轮机、机器人、工业母机和工程机械-250727,,,买入,,,,3,2025-07-31 10:05:45,行业分析,2025-07-27
最新买入,国金证券-房地产行业周报：上海徐汇拍出全国地王，租赁住房条例正式出台-250727,,,买入,,,,3,2025-07-31 10:05:45,行业分析,2025-07-27
最新买入,东方证券-银轮股份-002126-动态跟踪：完成股份回购，预计未来机器人配套价值量将逐步提升-250727,,,买入,,,,3,2025-07-31 10:05:45,公司调研,2025-07-27
最新买入,国金证券-家电行业周报：6月家电新兴市场出口维持稳健增长-250726,,,买入,,,,3,2025-07-31 10:05:45,行业分析,2025-07-27
最新买入,国金证券-医药健康行业周报：医保局表态集采反内卷，器械板块迎政策拐点-250726,,,买入,,,,3,2025-07-31 10:05:45,行业分析,2025-07-27
最新买入,国金证券-通信行业周报：谷歌2Q25业绩超预期，国内大模型能力持续提升-250726,,,买入,,,,3,2025-07-31 10:05:45,行业分析,2025-07-27
最新买入,财通证券-立高食品-300973-三周期看烘焙龙头的价值重估：立势谋远，高擎增长-250726,,,买入,,,,3,2025-07-31 10:05:45,公司调研,2025-07-26
最新买入,国金证券-医疗器械行业：医保局支持国内创新器械发展，头部企业有望受益于政策拐点-250725,,,买入,,,,3,2025-07-31 10:05:45,行业分析,2025-07-26
最新买入,东吴证券-东鹏饮料-605499-2025H1业绩点评：业绩符合预期，平台化战略持续兑现-250726,,,买入,,,,3,2025-07-31 10:05:45,公司调研,2025-07-26
最新买入,国金证券-东鹏饮料-605499-第二曲线超预期，中期分红彰显信心-250725,,,买入,,,,3,2025-07-31 10:05:45,公司调研,2025-07-26
最新买入,天风证券-长久物流-603569-公路运输反内卷，车辆运输车治超-250726,,,买入,,,,3,2025-07-31 10:05:45,公司调研,2025-07-26
最新买入,光大证券-苏泊尔-002032-2025年半年度业绩快报点评：外销增长放缓，内销整体稳健-250725,,,买入,,,,3,2025-07-31 10:05:45,公司调研,2025-07-26
最新买入,东方证券-黄山旅游-600054-推动智慧景区升级，强化服务与运营效率-250725,,,买入,,,,3,2025-07-31 10:05:45,公司调研,2025-07-25
最新买入,中邮证券-江航装备-688586-持续加大研发，民机业务有望成为公司第二增长曲线-250725,,,买入,,,,3,2025-07-31 10:05:45,公司调研,2025-07-25
最新买入,光大证券-顺络电子-002138-跟踪报告之四：汽车&数据中心业务高速增长，AI终端带动需求提升-250725,,,买入,,,,3,2025-07-31 10:05:45,公司调研,2025-07-25
最新买入,中邮证券-高德红外-002414-海外市场再签大批量订单，完整装备系统内销外贸空间广阔-250725,,,买入,,,,3,2025-07-31 10:05:45,公司调研,2025-07-25
最新买入,光大证券-计算机行业稳定币专题报告之二：稳定币有望助推人民币国际化，看好第三方支付公司-250725,,,买入,,,,3,2025-07-31 10:05:45,行业分析,2025-07-25
最新买入,天风证券-亚翔集成-603929-中报业绩短暂承压，看好大订单持续兑现-250725,,,买入,,,,3,2025-07-31 10:05:45,公司调研,2025-07-25
最新买入,光大证券-中国海油-600938-事件点评：渤海亿吨级浅层岩性油田投产，助力公司高质量增储上产-250725,,,买入,,,,3,2025-07-31 10:05:45,公司调研,2025-07-25
最新买入,天风证券-常熟银行-601128-营收小幅向上，规模扩张提速-250725,,,买入,,,,3,2025-07-31 10:05:45,公司调研,2025-07-25
最新买入,中邮证券-立昂微-605358-外延片订单饱满，射频业务快速放量-250725,,,买入,,,,3,2025-07-31 10:05:45,公司调研,2025-07-25
最新买入,太平洋证券-华纳药厂-688799-高端化药与创新中药共发展，重磅抗抑郁药临床顺利-250724,,,买入（首次）,,,,3,2025-07-31 10:05:45,公司调研,2025-07-25
最新买入,开源证券-民士达-833394-北交所信息更新：AIDC高功率驱动芳纶纸需求+募投项目投产，2025H1归母净利润+42%-250724,,,买入,,,,3,2025-07-31 10:05:45,公司调研,2025-07-25
最新买入,东方证券-上汽集团-600104-预计上汽通用不会拖累公司盈利增长-250725,,,买入,,,,4,2025-07-31 10:05:46,公司调研,2025-07-25
最新买入,光大证券-宁波银行-002142-2025年半年度业绩快报点评：扩表维持高强度，营收盈利增速双升-250724,,,买入,,,,4,2025-07-31 10:05:46,公司调研,2025-07-25
最新买入,东吴证券-中科蓝讯-688332-端侧赋能可穿戴SoC，跨领域拓展新蓝海-250724,,,买入（首次）,,,,4,2025-07-31 10:05:46,公司调研,2025-07-24
最新买入,东吴证券-瑞芯微-603893- AIoT SoC芯片领军者，拥抱端侧AI新机遇-250724,,,买入（首次）,,,,4,2025-07-31 10:05:46,公司调研,2025-07-24
最新买入,国金证券-电力设备与新能源行业月报：6月燃料电池汽车上险量回暖，电解槽单月招标高增-250724,,,买入,,,,4,2025-07-31 10:05:46,行业分析,2025-07-24
最新买入,国金证券-光伏行业7月月度跟踪：“反内卷”扎实推进，产业链价格走势回暖-250724,,,买入,,,,4,2025-07-31 10:05:46,行业分析,2025-07-24
最新买入,华安证券-苏泊尔-002032-2025Q2预告点评：经营韧性彰显-250724,,,买入,,,,4,2025-07-31 10:05:46,公司调研,2025-07-24
最新买入,华鑫证券-陕鼓动力-601369-公司动态研究报告：能源运营领航，压气储能全覆盖-250724,,,买入（首次）,,,,4,2025-07-31 10:05:46,公司调研,2025-07-24
最新买入,国联民生证券-苏泊尔-002032-2025年半年度业绩快报点评：内销企稳，外销短期承压-250724,,,买入,,,,4,2025-07-31 10:05:46,公司调研,2025-07-24
最新买入,华金证券-电连技术-300679-汽车连接器国产替代先锋，智驾平权与消费复苏双轮驱动增长-250724,,,买入（首次）,,,,4,2025-07-31 10:05:46,公司调研,2025-07-24
最新买入,华金证券-凌云股份-600480-传统主业稳舵前行，传感器等新兴业务打造业绩增长新曲线-250723,,,买入（首次）,,,,4,2025-07-31 10:05:46,公司调研,2025-07-24
最新买入,开源证券-兆驰股份-002429-公司首次覆盖报告：Mini LED高附加值产品放量+越南基地自动化更新扩产增效，公司业绩向上的拐点逐步清晰-250723,,,买入（首次）,,,,4,2025-07-31 10:05:46,公司调研,2025-07-24
最新买入,国投证券-隆鑫通用-603766-宗申入主业务协同，无极品牌加速成长-250724,,,买入-A（首次）,,,,4,2025-07-31 10:05:46,公司调研,2025-07-24
最新买入,东吴证券-卓兆点胶-873726-智能点胶设备受益智能穿戴行业，并购优质公司拓宽科技赛道-250724,,,买入（首次）,,,,4,2025-07-31 10:05:46,公司调研,2025-07-24
最新买入,国金证券-基础化工行业专题研究报告：周期与成长共舞，“反内卷”和新技术均需重视-250723,,,买入,,,,4,2025-07-31 10:05:46,行业分析,2025-07-24
最新买入,开源证券-中孚实业-600595-公司首次覆盖报告：成本优化+电解铝权益产能提升，公司盈利弹性可期-250723,,,买入（首次）,,,,4,2025-07-31 10:05:46,公司调研,2025-07-24
最新买入,中航证券-杰华特-688141-高端计算产品持续发力，并购信号链拓展消费电子业务-250722,,,买入,,,,4,2025-07-31 10:05:46,公司调研,2025-07-24
最新买入,中邮证券-神州细胞-688520-成功实现扭亏为盈，临床管线值得期待-250724,,,买入（首次）,,,,4,2025-07-31 10:05:46,公司调研,2025-07-24
最新买入,华金证券-瑞芯微-603893-半年报持续超预期，首发端侧AI协处理器-250723,,,买入,,,,4,2025-07-31 10:05:46,公司调研,2025-07-24
最新买入,国金证券-消费行业出海总论：迈向2.0品牌出海时代，迎接繁星璀璨与星辰大海-250722,,,买入,,,,4,2025-07-31 10:05:46,行业分析,2025-07-24
最新买入,中航证券-方正科技-600601-锚定AI浪潮，高端PCB引领增长新势能-250721,,,买入（首次）,,,,4,2025-07-31 10:05:46,公司调研,2025-07-24
最新买入,中邮证券-丽珠集团-000513-IL~17A/F三期临床达到终点，头对头数据优效-250724,,,买入,,,,4,2025-07-31 10:05:46,公司调研,2025-07-24
最新买入,国金证券-非金属建材行业点评：盘点“十五五”期间的潜力大基建，水电站、运河、跨海大桥-250723,,,买入,,,,4,2025-07-31 10:05:46,行业分析,2025-07-24
最新买入,国金证券-非金属建材行业：盘点“十五五”期间的潜力大基建，水电站、运河、跨海大桥-250723,,,买入,,,,4,2025-07-31 10:05:46,行业分析,2025-07-23
最新买入,国金证券-非金属建材行业：《农村公路条例》发布，水泥等基建材料有望受益-250723,,,买入,,,,4,2025-07-31 10:05:46,行业分析,2025-07-23
最新买入,东吴证券-大金重工-002487-中标欧洲扩容订单，业绩确定性增强-250723,,,买入,,,,4,2025-07-31 10:05:46,公司调研,2025-07-23
最新买入,东吴证券-厦钨新能-688778-2025年半年度业绩快报点评：Q2业绩略超预期，钴酸锂销量高增盈利亮眼-250723,,,买入,,,,4,2025-07-31 10:05:46,公司调研,2025-07-23
今日热门,东方证券-传媒行业AI产业研究系列（二）字节跳动AI应用篇：字节AI应用流量领先，下半年看好垂类应用变现提速-250730,,,看好,,,,1,2025-07-31 10:05:51,行业分析,2025-07-31
今日热门,华西证券-稀土磁材行业深度系列报告—上游矿山资源篇-250730,,,,,,,1,2025-07-31 10:05:51,行业分析,2025-07-30
今日热门,华安证券-7月30日中央政治局会议点评：无近忧，深远虑-250730,,,,,,,1,2025-07-31 10:05:51,投资策略,2025-07-31
今日热门,天风证券-基础化工行业专题研究：政策密集，多维度梳理化工子行业“反内卷”突破口-250730,,,中性,,,,1,2025-07-31 10:05:51,行业分析,2025-07-30
今日热门,国联民生证券-石油石化行业深度研究：大化工“反内卷”的八大细分机会-250730,,,强于大市,,,,1,2025-07-31 10:05:51,行业分析,2025-07-30
今日热门,国金证券-爱玛科技-603529-产品&渠道优化推动量价齐升，两轮电动车龙头开启新成长周期-250730,,,买入（首次）,,,,1,2025-07-31 10:05:51,公司调研,2025-07-31
今日热门,国信证券-7月政治局会议解读：财政“蓄水池”成为下半程的关键-250730,,,,,,,1,2025-07-31 10:05:51,宏观经济,2025-07-30
今日热门,华西证券-计算机行业：中国香港稳定币监管制度核心要点-250730,,,推荐,,,,1,2025-07-31 10:05:51,行业分析,2025-07-30
今日热门,国投证券-电子行业深度分析：被动散热材料持续迭代，液冷成为主动散热新增长点-250731,,,领先大市-A,,,,1,2025-07-31 10:05:51,行业分析,2025-07-31
今日热门,东兴证券-科达利-002850-锂电结构件龙头，拓展人形机器人第二曲线-250730,,,强烈推荐（首次）,,,,1,2025-07-31 10:05:51,公司调研,2025-07-30
今日热门,民生证券-锂行业动态报告：供应端干扰加剧，周期底部夯实-250730,,,推荐,,,,1,2025-07-31 10:05:51,行业分析,2025-07-30
今日热门,国投证券-诚意药业-603811-氨糖续约后稳健放量，神经酸创新推动研发渐入佳境-250730,,,买入-A（首次）,,,,1,2025-07-31 10:05:51,公司调研,2025-07-30
今日热门,华西证券-计算机行业：从Figma IPO看AI应用产业机遇-250730,,,,,,,1,2025-07-31 10:05:51,行业分析,2025-07-31
今日热门,民生证券-2025年7月政治局会议点评：政治局会议的破题信号-250730,,,,,,,1,2025-07-31 10:05:51,宏观经济,2025-07-30
今日热门,东吴证券-宁德时代-300750-2025年中报点评：业绩略超预期，净利率再提升，龙头恒强-250731,,,买入,,,,1,2025-07-31 10:05:51,公司调研,2025-07-31
今日热门,天风证券-7月30日政治局会议学习：识变应变求变迎接十五五-250730,,,,,,,1,2025-07-31 10:05:51,投资策略,2025-07-30
今日热门,西南证券-交运行业2025年中期投资策略：商品牛市初现，反内卷关注上游供应链-250730,,,,,,,1,2025-07-31 10:05:51,行业分析,2025-07-30
今日热门,华西证券-豪能股份-603809-汽车传动专家，新产品+新赛道打开长期成长空间-250728,,,增持（首次）,,,,1,2025-07-31 10:05:51,公司调研,2025-07-30
今日热门,天风证券-政治局会议点评：7月政治局会议的几个要点-250730,,,,,,,1,2025-07-31 10:05:51,债券研究,2025-07-30
今日热门,东吴证券-北交所定期报告：政治局会议定调下半年经济工作，北证指数收跌1.75%-250730,,,,,,,1,2025-07-31 10:05:51,投资策略,2025-07-30
今日热门,华西证券-焦炭现货再提价-250730,,,,,,,1,2025-07-31 10:05:51,宏观经济,2025-07-31
今日热门,东方证券-深信服-300454-AI本地化部署需求兴起，公司有望充分受益-250730,,,买入,,,,1,2025-07-31 10:05:51,公司调研,2025-07-31
今日热门,东海证券-国内观察：2025年7月政治局会议学习，提质增效压舱，适时加力护航-250730,,,,,,,1,2025-07-31 10:05:51,宏观经济,2025-07-30
今日热门,华鑫证券-宏观点评报告：730政治局会议，资本市场回稳向好，关注反内卷和十五五-250730,,,,,,,1,2025-07-31 10:05:51,宏观经济,2025-07-30
今日热门,东吴证券-水固气行业深度：拨云见日，现真金-250730,,,,,,,1,2025-07-31 10:05:51,行业分析,2025-07-31
今日热门,华金证券-事件点评：继续强调反内卷，A股慢牛趋势不变-250730,,,,,,,1,2025-07-31 10:05:51,投资策略,2025-07-30
今日热门,国投证券-7月政治局会议点评：如何理解政治局会议的内涵-250730,,,,,,,1,2025-07-31 10:05:51,宏观经济,2025-07-30
今日热门,东方证券-甘李药业-603087-创新药数据频出，GZR18降糖效果亮眼-250730,,,买入,,,,1,2025-07-31 10:05:51,公司调研,2025-07-30
今日热门,光大证券-石化化工行业反内卷稳增长系列之十：煤化工，结构性调整与产业升级并行，供需有望持续优化-250730,,,增持,,,,1,2025-07-31 10:05:51,行业分析,2025-07-30
今日热门,国信证券-光储行业研究专题：储能行业运行总结，新兴市场发展可期-250731,,,优于大市,,,,1,2025-07-31 10:05:51,行业分析,2025-07-31
今日热门,光大证券-2025年7月政治局会议精神学习：巩固经济和资本市场回稳向好势头-250730,,,,,,,1,2025-07-31 10:05:51,宏观经济,2025-07-30
今日热门,民生证券-威胜信息-688100-2025年中报点评：25H1公司经营稳健，在手订单充裕支撑成长-250730,,,推荐,,,,1,2025-07-31 10:05:51,公司调研,2025-07-30
今日热门,太平洋证券-策略日报：甩轿-250730,,,,,,,1,2025-07-31 10:05:51,投资策略,2025-07-30
今日热门,太平洋证券-医药行业日报：礼来替尔泊肽在华获批新适应症，治疗2型糖尿病-250729,,,看好,,,,1,2025-07-31 10:05:51,行业分析,2025-07-30
今日热门,华福证券-策略点评：7月政治局会议定调“十五五”航向-250730,,,,,,,1,2025-07-31 10:05:51,投资策略,2025-07-30
今日热门,天风证券-泽璟制药-688266-兼具销售放量和研发成果兑现的优秀创新药企-250731,,,买入,,,,1,2025-07-31 10:05:51,公司调研,2025-07-31
今日热门,东吴证券-菲利华-300395-股权激励绑定核心人才与公司长期利益，进一步健全长效激励机制-250730,,,买入,,,,1,2025-07-31 10:05:51,公司调研,2025-07-30
今日热门,麦肯锡-电动汽车行业未来交通中心：电动汽车转型新动向，从消费者角度（英译中）-250730,,,,,,,1,2025-07-31 10:05:51,行业分析,2025-07-30
今日热门,东吴证券-安克创新-300866-拟发布限制性股票激励计划，授予价格无折让彰显公司信心-250731,,,买入,,,,1,2025-07-31 10:05:51,公司调研,2025-07-31
今日热门,国信证券-建筑建材行业双周报（2025年第13期）：把握“基建回暖”与“反内卷”两条主线-250730,,,优于大市,,,,1,2025-07-31 10:05:51,行业分析,2025-07-30
今日热门,开源证券-银行行业深度报告：险资增配动因与PB~ROE估值曲线演变“新范式”-250730,,,看好,,,,1,2025-07-31 10:05:51,行业分析,2025-07-31
今日热门,国投证券-药明康德-603259-项目管线厚积薄发，2025H1业绩高增长-250730,,,买入-A,,,,1,2025-07-31 10:05:51,公司调研,2025-07-30
今日热门,粤开证券-【粤开宏观】政治局会议释放的九大信号-250730,,,,,,,1,2025-07-31 10:05:51,宏观经济,2025-07-30
今日热门,华安证券-国轩高科-002074-技术引领推动电池创新，高度国际化盈利领先-250730,,,买入（首次）,,,,1,2025-07-31 10:05:51,公司调研,2025-07-31
今日热门,国金证券-宁德时代-300750-业绩好于预期，量利保持稳健-250731,,,买入,,,,1,2025-07-31 10:05:51,公司调研,2025-07-31
今日热门,来觅研究院-人形机器人行业：人形机器人技术多点突破，量产订单双提速-250731,,,,,,,1,2025-07-31 10:05:51,行业分析,2025-07-31
今日热门,东吴证券-华能国际-600011-2025半年报点评：超市场预期，关注火电资本开支下行周期下资产质量改善-250730,,,买入,,,,1,2025-07-31 10:05:51,公司调研,2025-07-30
今日热门,华鑫证券-天龙股份-603266-公司动态研究报告：深耕塑料精密制造，汽车电子+轻量化双驱动-250730,,,买入（首次）,,,,1,2025-07-31 10:05:51,公司调研,2025-07-30
今日热门,东兴证券-7月30日中共中央政治局会议点评：保持政策连续性稳定性，有效释放内需潜力-250731,,,,,,,1,2025-07-31 10:05:51,宏观经济,2025-07-30
今日热门,华西证券-7月政治局会议，落实落细现有政策-250730,,,,,,,1,2025-07-31 10:05:51,宏观经济,2025-07-30
今日热门,华金证券-生益科技-600183-AI浪潮下，PCB&覆铜板业务有望持续增长-250730,,,增持（首次）,,,,2,2025-07-31 10:05:52,公司调研,2025-07-30
今日热门,东吴证券-宏观点评：增强政策灵活性预见性——学习7月政治局会议精神-250730,,,,,,,2,2025-07-31 10:05:52,宏观经济,2025-07-30
今日热门,华福证券-电力设备行业海风专题报告：深远海海上风电已经启航-250731,,,强于大市,,,,2,2025-07-31 10:05:52,行业分析,2025-07-31
今日热门,华西证券-药明康德-603259-业绩延续快速增长，在手订单维持高速增长-250730,,,买入,,,,2,2025-07-31 10:05:52,公司调研,2025-07-30
今日热门,太平洋证券-国邦医药-605507-Q2业绩符合市场预期，动保产品市占率持续提升-250729,,,买入,,,,2,2025-07-31 10:05:52,公司调研,2025-07-30
今日热门,华西证券-有色金属行业~海外季报：南方铜业2025Q2矿产铜产量同比增加1.4%至23.90万吨，单位运营现金成本同比下降17.0%至0.63美元/磅-250730,,,推荐,,,,2,2025-07-31 10:05:52,行业分析,2025-07-30
今日热门,万联证券-2025年中期锂电行业投资策略报告：行业盈利边际修复，固态电池突破加速-250731,,,强于大市,,,,2,2025-07-31 10:05:52,行业分析,2025-07-31
今日热门,长城证券-深天马A-000050-面板领先企业盈利修复，车载&柔性OLED开启成长新周期-250731,,,买入,,,,2,2025-07-31 10:05:52,公司调研,2025-07-31
今日热门,华福证券-7.30政治局会议精神解读：从“应对冲击”转向“提质增效”-250730,,,,,,,2,2025-07-31 10:05:52,宏观经济,2025-07-30
今日热门,财通证券-宏观月报：政治局会议召开，商品后市如何？-250730,,,,,,,2,2025-07-31 10:05:52,宏观经济,2025-07-30
今日热门,光大证券-电力设备新能源行业欧洲海风系列报告（一）：多国政策边际改善，欧洲海风景气持续向上-250730,,,买入,,,,2,2025-07-31 10:05:52,行业分析,2025-07-31
今日热门,亿欧智库-Al for医疗健康行业系列报告“智”愈未来：2025 AI科技勾勒医疗未来蓝图-250731,,,,,,,2,2025-07-31 10:05:52,行业分析,2025-07-31
今日热门,华西证券-顺络电子-002138-AI终端带动需求提升，新兴战略业务增速显著-250730,,,买入,,,,2,2025-07-31 10:05:52,公司调研,2025-07-31
今日热门,国信证券-药明康德-603259-2025年半年报点评：TIDES业务高速增长，2025年二季度增长提速-250730,,,优于大市,,,,2,2025-07-31 10:05:52,公司调研,2025-07-30
今日热门,东方证券-朗新集团-300682-能源数字化领先者，全面拥抱AI、区块链新技术-250730,,,买入,,,,2,2025-07-31 10:05:52,公司调研,2025-07-30
今日热门,东方证券-食品饮料行业：生育政策出台，国产高端奶粉品牌或为主要受益者-250730,,,看好,,,,2,2025-07-31 10:05:52,行业分析,2025-07-30
今日热门,长城证券-2025年7月政治局会议学习心得：稳中求进与保持定力-250731,,,,,,,2,2025-07-31 10:05:52,投资策略,2025-07-31
今日热门,财信证券-7月份中共中央政治局会议精神学习：稳中求进，巩固拓展经济回升向好势头-250730,,,,,,,2,2025-07-31 10:05:52,投资策略,2025-07-30
今日热门,德邦证券-宏观点评：反内卷“不必然等于”物价涨-250730,,,,,,,2,2025-07-31 10:05:52,宏观经济,2025-07-30
今日热门,东方证券-海外札记：关税谈判推进，为市场注入确定性-250730,,,,,,,2,2025-07-31 10:05:52,宏观经济,2025-07-30
今日热门,东吴证券-永辉超市-601933-拟定增融资40亿元，主要用于支持门店调改-250731,,,增持,,,,2,2025-07-31 10:05:52,公司调研,2025-07-30
今日热门,开源证券-恩华药业-002262-公司信息更新报告：神经类业务快速增长，创新管线逐步兑现-250731,,,买入,,,,2,2025-07-31 10:05:52,公司调研,2025-07-31
今日热门,西南证券-2025年7月中央政治局会议点评：“十五五”提质增效，关注政策预见性-250730,,,,,,,2,2025-07-31 10:05:52,宏观经济,2025-07-31
今日热门,华鑫证券-农林牧渔行业周报：生猪反内卷限产能+环保会持续演绎，宠物高增户外平稳-250730,,,推荐,,,,2,2025-07-31 10:05:52,行业分析,2025-07-31
今日热门,华鑫证券-世运电路-603920-公司动态研究报告：汽车PCB技术领先，绑定特斯拉成长空间广阔-250731,,,买入,,,,2,2025-07-31 10:05:52,公司调研,2025-07-31
今日热门,开源证券-宏观经济点评：7月政治局会议学习，充分释放，有效释放-250730,,,,,,,2,2025-07-31 10:05:52,宏观经济,2025-07-30
今日热门,东莞证券-复合集流体行业深度报告：新型锂电材料，产业化有望提速-250731,,,超配,,,,2,2025-07-31 10:05:52,行业分析,2025-07-31
今日热门,民生证券-上海沿浦-605128-系列点评十三：2025Q2业绩符合预期，汽车整椅业务可期-250731,,,推荐,,,,2,2025-07-31 10:05:52,公司调研,2025-07-31
今日热门,开源证券-药明康德-603259-公司信息更新报告：2025H1业绩超预期，TIDES业务强劲增长-250731,,,买入,,,,2,2025-07-31 10:05:52,公司调研,2025-07-31
今日热门,华鑫证券-珍宝岛-603567-公司事件点评报告：短期集采影响，研发储备向创新转型-250731,,,买入（首次）,,,,2,2025-07-31 10:05:52,公司调研,2025-07-31
今日热门,财信证券-海外市场专题：美联储货币政策体系研究及市场流动性追踪-250729,,,,,,,2,2025-07-31 10:05:52,宏观经济,2025-07-30
今日热门,中邮证券-华康洁净-301235-中报业绩高速增长，股权激励彰显公司信心-250731,,,买入（上调）,,,,2,2025-07-31 10:05:52,公司调研,2025-07-31
今日热门,国金证券-政策与战略专题报告：量子科技系列二，掘金量子计算，解码D~WAVE商业化之路-250730,,,,,,,2,2025-07-31 10:05:52,投资策略,2025-07-31
今日热门,华福证券-策略点评报告：解读7月中央政治局会议的战略擘画与投资机会，深谋远虑稳中求进-250731,,,,,,,2,2025-07-31 10:05:52,投资策略,2025-07-31
今日热门,华鑫证券-西部矿业-601168-公司事件点评报告：半年度业绩同比增长，主要金属采选冶指标向好-250731,,,买入,,,,2,2025-07-31 10:05:52,公司调研,2025-07-31
今日热门,长城证券-湖南海利-600731-公司季度业绩同比回升，看好新基地建设及现有基地技改-250731,,,买入（首次）,,,,2,2025-07-31 10:05:52,公司调研,2025-07-31
今日热门,光大证券-苏试试验-300416-2025年中报点评：Q2表现亮眼，看好下半年各业务板块增长潜力-250731,,,买入,,,,2,2025-07-31 10:05:52,公司调研,2025-07-31
今日热门,中原证券-光迅科技-002281-公司点评报告：高速率光模块批量出货，国内云厂商中标份额领先-250731,,,买入（首次）,,,,2,2025-07-31 10:05:52,公司调研,2025-07-31
今日热门,东莞证券-北交所专题报告：生猪养殖困境反转-250731,,,,,,,2,2025-07-31 10:05:52,投资策略,2025-07-31
今日热门,东方证券-育儿补贴推动“投资于人”预期持续提升-250730,,,,,,,2,2025-07-31 10:05:52,宏观经济,2025-07-30
今日热门,财信证券-海博思创-688411-储能系统领军企业，产品和客户优势明显-250730,,,买入（首次）,,,,2,2025-07-31 10:05:52,公司调研,2025-07-31
今日热门,华西证券-7月政治局会议，落实落细现有政策-250731,,,,,,,2,2025-07-31 10:05:52,宏观经济,2025-07-31
今日热门,东吴证券-宏观点评：由负转正，但外强中干——美国2025年二季度GDP数据点评-250731,,,,,,,2,2025-07-31 10:05:52,宏观经济,2025-07-31
今日热门,开源证券-通信行业点评报告：Vertiv和Celestica上调指引，液冷按下提速键-250731,,,看好,,,,2,2025-07-31 10:05:52,行业分析,2025-07-31
今日热门,东吴证券-专用设备行业点评报告：头部厂商公布固态电池时间线指引，设备商有望率先受益-250731,,,增持,,,,2,2025-07-31 10:05:52,行业分析,2025-07-31
今日热门,天风证券-威胜信息-688100-在手订单充裕海外业务良好发展，AI助力新业务快速增长-250731,,,买入,,,,2,2025-07-31 10:05:52,公司调研,2025-07-31
今日热门,长城证券-通信行业周报：国内机器人产业加速拓展，Al Agent持续演进，持续看好相关产业投资机会-250731,,,强于大市,,,,2,2025-07-31 10:05:52,行业分析,2025-07-31
今日热门,国联民生证券-东鹏饮料-605499-新品延续高增长，看好公司平台化发展-250731,,,买入,,,,2,2025-07-31 10:05:52,公司调研,2025-07-31
今日热门,国信证券-政府债周报：土地收储项目规模超五千亿-250730,,,,,,,2,2025-07-31 10:05:52,宏观经济,2025-07-30
今日热门,华安证券-海信家电-000921-25Q2点评：空调业务承压，冰洗盈利改善-250731,,,买入,,,,2,2025-07-31 10:05:52,公司调研,2025-07-31
今日热门,东莞证券-汉得信息-300170-深度报告：全面布局B端AI应用体系，助力企业数字化转型-250731,,,买入,,,,3,2025-07-31 10:05:54,公司调研,2025-07-31
今日热门,万联证券-电子行业跟踪报告：2025Q2基金加大算力配置，AIPCB为重点关注方向-250731,,,强于大市,,,,3,2025-07-31 10:05:54,行业分析,2025-07-31
今日热门,移动支付网-非银金融行业：2025全球稳定币产业发展报告-250731,,,,,,,3,2025-07-31 10:05:54,行业分析,2025-07-31
今日热门,天风证券-7月美联储议息会议点评：7月FOMC，降息预期继续推迟-250731,,,,,,,3,2025-07-31 10:05:54,宏观经济,2025-07-31
今日热门,东莞证券-工程机械行业2025年中期投资策略：内销筑底回升，出口韧性延续-250731,,,标配,,,,3,2025-07-31 10:05:54,行业分析,2025-07-31
今日热门,长城证券-经济乐观预期，政策灵活储备——7月政治局会议解读-250731,,,,,,,3,2025-07-31 10:05:54,宏观经济,2025-07-31
今日热门,财通证券-7月政治局会议解读：政策保持克制-250731,,,,,,,3,2025-07-31 10:05:54,投资策略,2025-07-31
今日热门,华西证券-金河生物-002688-化药业务量价齐升驱动业绩高增，成本优势持续凸显-250731,,,买入,,,,3,2025-07-31 10:05:54,公司调研,2025-07-31
今日热门,华西证券-有色金属行业~海外季报：MIN 2025Q2锂精矿权益产量环比增长8%至14.4万吨，权益锂精矿出货量环比增长6%至13.5万吨-250731,,,推荐,,,,3,2025-07-31 10:05:54,行业分析,2025-07-31
今日热门,国信证券-投资策略·固定收益2025年第八期：债海观潮，大势研判，关注“反内卷” 的走向-250730,,,,,,,3,2025-07-31 10:05:54,债券研究,2025-07-30
今日热门,华西证券-有色金属行业~海外季报：Kathleen Valley矿山2025Q2锂精矿产销量分别环比减少10%/增长4%至8.59万吨/9.73万吨，已售锂精矿的单位运营成本（FOB）环比增长31%至576美元/吨-250731,,,推荐,,,,3,2025-07-31 10:05:54,行业分析,2025-07-31
今日热门,东吴证券-宏观深度报告：债券ETF还能走多远？-250731,,,,,,,3,2025-07-31 10:05:54,宏观经济,2025-07-31
今日热门,深企投产业研究院-中国潮玩经济行业研究：Labubu狂飙带动中国潮玩市场千亿级跃迁-250731,,,,,,,3,2025-07-31 10:05:54,行业分析,2025-07-31
今日热门,太平洋证券-房地产行业日报：杭州土拍3宗地块收金50.35亿元-250729,,,中性,,,,3,2025-07-31 10:05:54,行业分析,2025-07-30
今日热门,德邦证券-2025年7月政治局会议解读：如何理解政治局会议的“平淡”？-250731,,,,,,,3,2025-07-31 10:05:54,宏观经济,2025-07-31
今日热门,东莞证券-汽车行业车载激光雷达专题报告：成本下行叠加智驾升级，激光雷达需求有望爆发-250731,,,超配,,,,3,2025-07-31 10:05:54,行业分析,2025-07-31
今日热门,东方金诚-2025年7月PMI数据点评：市场需求偏弱带动7月制造业PMI指数下行-250731,,,,,,,3,2025-07-31 10:05:54,宏观经济,2025-07-31
今日热门,财通证券-政策点评：中共中央政治局会议点评——聚焦结构性改革-250731,,,,,,,3,2025-07-31 10:05:54,投资策略,2025-07-31
今日热门,华西证券-有色金属行业~海外季报：NAL项目2025Q2锂精矿产量/销量环比增长35%/148%至5.85万吨/6.7万吨，单位生产运营成本（离岸价）环比下降11%至737美元/吨-250731,,,推荐,,,,3,2025-07-31 10:05:54,行业分析,2025-07-31
今日热门,东兴证券-A股点评报告：稳步向好趋势不改-250731,,,,,,,3,2025-07-31 10:05:54,投资策略,2025-07-31
今日热门,东吴证券-宏观点评：7月FOMC，给9月降息泼冷水——2025年7月FOMC会议点评-250731,,,,,,,3,2025-07-31 10:05:54,宏观经济,2025-07-31
今日热门,开源证券-通信行业点评报告：Meta再次上调资本支出指引，微软云业务表现亮眼，海外AI正循环效果显著-250731,,,看好,,,,3,2025-07-31 10:05:54,行业分析,2025-07-31
今日热门,开源证券-国邦医药-605507-公司信息更新报告：2025Q2业绩超预期，动保板块迎来大幅增长-250731,,,买入,,,,3,2025-07-31 10:05:54,公司调研,2025-07-31
今日热门,美银-反通胀：一项结构性改革，而非简单的短期解决之道（英译中）-250724,,,,,,,3,2025-07-31 10:05:54,投资策略,2025-07-31
今日热门,山西证券-2025年7月中共中央政治局会议解读：高质量发展与短期经济增长有机融合-250731,,,,,,,3,2025-07-31 10:05:54,宏观经济,2025-07-31
今日热门,东莞证券-华测导航-300627-深度报告：深耕高精度时空信息产业，泛化应用布局创造价值-250731,,,买入,,,,3,2025-07-31 10:05:54,公司调研,2025-07-31
今日热门,华安证券-极米科技-688696-2025Q2预告点评：业绩大幅改善-250731,,,买入,,,,3,2025-07-31 10:05:54,公司调研,2025-07-31
今日热门,东莞证券-7月中央政治局会议点评：定调偏积极，市场有望在震荡整固中夯实上行基础-250731,,,,,,,3,2025-07-31 10:05:54,投资策略,2025-07-31
今日热门,海通国际-法本信息-300925-银行、车企业务突破，“双能力中心、数字化基座”构建核心竞争力-250727,,,优于大市（首次）,,,,3,2025-07-31 10:05:54,公司调研,2025-07-31
今日热门,西南证券-药明康德-603259-CXO龙头业绩亮眼，小分子DM双位数增速、TIDES增长强劲-250729,,,,,,,3,2025-07-31 10:05:54,公司调研,2025-07-31
今日热门,民生证券-2025年7月PMI点评：7月PMI的不寻常-250731,,,,,,,3,2025-07-31 10:05:54,宏观经济,2025-07-31
今日热门,万联证券-策略跟踪报告：基金股票配置仓位继续提升-250731,,,,,,,3,2025-07-31 10:05:54,投资策略,2025-07-31
今日热门,联储证券-中国货币政策新范式：价格型为锚，结构性为轴-250731,,,,,,,3,2025-07-31 10:05:54,宏观经济,2025-07-31
今日热门,中汽中心-汽车行业零碳工厂建设调研报告-250731,,,,,,,3,2025-07-31 10:05:54,行业分析,2025-07-31
今日热门,光大证券-建筑建材及新兴产业行业：基础设施公募REITs估值跟踪-250730,,,,,,,3,2025-07-31 10:05:54,行业分析,2025-07-31
今日热门,光大证券-2025年7月30日利率债观察：如何理解债券与票据市场利率的背离？-250730,,,,,,,3,2025-07-31 10:05:54,债券研究,2025-07-31
今日热门,东莞证券-宁德时代-300750-2025年中报点评：H1净利同比增超三成，Q2净利同环比双增-250731,,,买入,,,,3,2025-07-31 10:05:54,公司调研,2025-07-31
今日热门,大公国际-固本培新—政治局会议释放稳增长与“十五五”战略发展信号-250730,,,,,,,3,2025-07-31 10:05:54,宏观经济,2025-07-31
今日热门,华西证券-鲍威尔偏鹰，降息预期回撤或接近尾声-250731,,,,,,,3,2025-07-31 10:05:54,宏观经济,2025-07-31
今日热门,华西证券-有色金属行业~海外季报：Greenbushes锂矿2025Q2产销量分别同比增长2%、减少22%至34万吨/41.2万吨，2025Q2单位现金生产成本同比增长8%至366澳元吨-250731,,,推荐,,,,3,2025-07-31 10:05:54,行业分析,2025-07-31
今日热门,华西证券-有色金属行业~海外季报：Pilbara Minerals 2025Q2锂精矿产量环比增长77%至22.13万吨，2026财年锂精矿产量预计为82万吨至87万吨-250731,,,推荐,,,,3,2025-07-31 10:05:54,行业分析,2025-07-31
今日热门,万联证券-电子行业跟踪报告：2025Q2基金加大算力配置，AI PCB为重点关注方向-250731,,,强于大市,,,,3,2025-07-31 10:05:54,行业分析,2025-07-31
今日热门,ninjavan-电商行业：社交电商热潮的背后（英译中）-250731,,,,,,,3,2025-07-31 10:05:54,行业分析,2025-07-31
今日热门,财通证券-美国2025年二季度GDP数据解读：美国内需延续转弱-250731,,,,,,,3,2025-07-31 10:05:54,宏观经济,2025-07-31
今日热门,光大证券-石油化工行业四大石化化工央企集团2025年中工作会议点评：持续深化改革发展新质生产力，紧抓能源安全保障-250730,,,增持,,,,3,2025-07-31 10:05:54,行业分析,2025-07-31
今日热门,国金证券-政治局会议的三件大事-250731,,,,,,,3,2025-07-31 10:05:54,宏观经济,2025-07-31
今日热门,联储证券-有色金属行业：关税纠偏后，铜价的可能走向-250731,,,中性（下调）,,,,3,2025-07-31 10:05:54,行业分析,2025-07-31
今日热门,慧博智能投研-慧博研报炼金之研报头条精华：7月政治局会议解读，财政“ 蓄水池” 成为下半程的关键-250731,,,,,,,3,2025-07-31 10:05:54,投资策略,2025-07-31
今日热门,财通证券-7月美联储议息会议解读：议息投票出现分歧-250731,,,,,,,3,2025-07-31 10:05:54,宏观经济,2025-07-31
今日热门,国金证券-债市基本面高频数据跟踪报告：水泥价格接近前低——2025年7月第4周-250730,,,,,,,3,2025-07-31 10:05:54,债券研究,2025-07-30
本周热门,东吴证券-人形机器人行业深度报告：机器人旋转关节核心部件，精密减速器国产替代正当时-250724,,,,,,,1,2025-07-31 10:05:57,行业分析,2025-07-24
本周热门,财通证券-龙头化研究1：“反内卷”整合，龙头化五大方向-250723,,,,,,,1,2025-07-31 10:05:57,投资策略,2025-07-24
本周热门,国信证券-计算机行业全球AI应用产品梳理：模型能力持续迭代，智能体推动商业化进程-250723,,,优于大市,,,,1,2025-07-31 10:05:57,行业分析,2025-07-23
本周热门,华鑫证券-化工行业专题报告：化工行业“反内卷”研究-250723,,,推荐,,,,1,2025-07-31 10:05:57,行业分析,2025-07-24
本周热门,华安证券-可控核聚变行业专题：核聚变“黑马”FRC，关注半导体开关产业趋势-250723,,,,,,,1,2025-07-31 10:05:57,行业分析,2025-07-23
本周热门,华福证券-人工智能行业：国产AI Agent的崛起-250728,,,强于大市,,,,1,2025-07-31 10:05:57,行业分析,2025-07-28
本周热门,天风证券-2025电子行业中期策略：等待创新和周期共振-250724,,,强于大市,,,,1,2025-07-31 10:05:57,行业分析,2025-07-24
本周热门,慧博智能投研-液冷行业深度：驱动因素、市场空间、产业链及相关公司深度梳理-250725,,,,,,,1,2025-07-31 10:05:57,行业分析,2025-07-25
本周热门,东吴证券-传媒互联网行业专题：海外为鉴，研判AI应用产业趋势-250727,,,增持,,,,1,2025-07-31 10:05:57,行业分析,2025-07-27
本周热门,西南证券-海南自贸港封关解读-250723,,,,,,,1,2025-07-31 10:05:57,宏观经济,2025-07-24
本周热门,东吴证券-汽车行业AI+汽车智能化系列之十五：谁在为智能化买单？-250725,,,,,,,1,2025-07-31 10:05:57,行业分析,2025-07-25
本周热门,东吴证券-计算机行业深度报告：AI Agent，智能经济时代的生产力解压缩器-250728,,,增持,,,,1,2025-07-31 10:05:57,行业分析,2025-07-28
本周热门,中邮证券-国防军工行业火炮深度：战争之神，王者归来-250725,,,强于大市,,,,1,2025-07-31 10:05:57,行业分析,2025-07-25
本周热门,光大证券-策略周专题（2025年7月第3期）：当前该追涨，还是寻找补涨？-250726,,,,,,,1,2025-07-31 10:05:57,投资策略,2025-07-27
本周热门,东吴证券-北交所专题报告：雅下水电工程正式开工，建议关注北交所水电产业链相关标的-250723,,,,,,,1,2025-07-31 10:05:57,投资策略,2025-07-23
本周热门,财通证券-计算机行业：H20解禁背后——国产算力加速进行时-250727,,,看好,,,,1,2025-07-31 10:05:57,行业分析,2025-07-28
本周热门,开源证券-投资策略专题：“反内卷”的行情阶段，及后续展望-250724,,,,,,,1,2025-07-31 10:05:57,投资策略,2025-07-24
本周热门,东吴证券-电力设备行业跟踪周报：人形国内如火如荼，固态产业化加速-250727,,,增持,,,,1,2025-07-31 10:05:57,行业分析,2025-07-28
本周热门,国信证券-基础化工行业专题：PCB上游材料分析框架-250730,,,优于大市（首次）,,,,1,2025-07-31 10:05:57,行业分析,2025-07-30
本周热门,华鑫证券-反内卷：A股慢牛的宏观叙事-250728,,,,,,,1,2025-07-31 10:05:57,投资策略,2025-07-29
本周热门,华西证券-可控核聚变行业：0~1产业落地可期-250728,,,,,,,1,2025-07-31 10:05:57,行业分析,2025-07-28
本周热门,国信证券-钨行业专题：战略金属供给收缩，雅下项目打开产业空间-250730,,,优于大市,,,,1,2025-07-31 10:05:57,行业分析,2025-07-30
本周热门,慧博智能投研-超导材料行业深度：制备工业、市场规模、产业链及相关公司深度梳理-250728,,,,,,,1,2025-07-31 10:05:57,行业分析,2025-07-28
本周热门,华西证券-资产配置日报：麻了-250724,,,,,,,1,2025-07-31 10:05:57,宏观经济,2025-07-24
本周热门,东吴证券-每周主题、产业趋势交易复盘和展望：年内AI二波启动，关注国产算力和应用-250727,,,,,,,1,2025-07-31 10:05:57,投资策略,2025-07-27
本周热门,财通证券-固态电池设备行业周报：头部电池厂继续扩产，车企固态上车计划再加速-250728,,,看好,,,,1,2025-07-31 10:05:57,行业分析,2025-07-29
本周热门,国金证券-消费行业出海总论：迈向2.0品牌出海时代，迎接繁星璀璨与星辰大海-250722,,,买入,,,,1,2025-07-31 10:05:57,行业分析,2025-07-24
本周热门,中邮证券-军工行业：军用含能材料，武器发挥作战效能的关键，以第二代为主力、第三代走向量产-250725,,,强于大市,,,,1,2025-07-31 10:05:57,行业分析,2025-07-25
本周热门,华西证券-电子行业AI/AR眼镜系列报告（三）：显示与光学方案深度绑定，静待全彩Micro LED量产-250725,,,推荐,,,,1,2025-07-31 10:05:57,行业分析,2025-07-25
本周热门,东吴证券-瑞芯微-603893- AIoT SoC芯片领军者，拥抱端侧AI新机遇-250724,,,买入（首次）,,,,1,2025-07-31 10:05:57,公司调研,2025-07-24
本周热门,西南证券-传媒行业2025年中期投资策略：游戏开启新品周期，关注AI应用商业化进展-250726,,,,,,,1,2025-07-31 10:05:57,行业分析,2025-07-26
本周热门,光大证券-计算机行业稳定币专题报告之二：稳定币有望助推人民币国际化，看好第三方支付公司-250725,,,买入,,,,1,2025-07-31 10:05:57,行业分析,2025-07-25
本周热门,华西证券-类权益周报：迎接轮动牛-250727,,,,,,,1,2025-07-31 10:05:57,宏观经济,2025-07-27
本周热门,华西证券-资产配置日报：商品多头或在撤退-250723,,,,,,,1,2025-07-31 10:05:57,宏观经济,2025-07-23
本周热门,开源证券-化学纤维行业化工“反内卷”系列报告（五）：涤纶长丝，“反内卷”先锋，行业扩产已到尾声，底部利润有望向上抬升-250724,,,看好,,,,1,2025-07-31 10:05:57,行业分析,2025-07-24
本周热门,天风证券-乘用车行业专题：复盘丰田高端化，对比亚迪有何启示-250725,,,强于大市,,,,1,2025-07-31 10:05:57,行业分析,2025-07-25
本周热门,天风证券-宏工科技-301662-固态&非新能源拓展打开成长空间-250723,,,增持（首次）,,,,1,2025-07-31 10:05:57,公司调研,2025-07-23
本周热门,国金证券-基础化工行业专题研究报告：周期与成长共舞，“反内卷”和新技术均需重视-250723,,,买入,,,,1,2025-07-31 10:05:57,行业分析,2025-07-24
本周热门,山西证券-国防军工行业2025年中期策略：国际局势动荡加剧，我国军贸大有可为-250724,,,领先大市-A,,,,1,2025-07-31 10:05:57,行业分析,2025-07-24
本周热门,东方证券-医药行业专题报告：小核酸药物，治疗潜力显现，蕴藏BD机遇-250727,,,看好,,,,1,2025-07-31 10:05:57,行业分析,2025-07-27
本周热门,东吴证券-非银金融行业深度报告：财富管理系列报告之二——公募基金改革方案出台，推动行业高质量发展-250724,,,增持,,,,1,2025-07-31 10:05:57,行业分析,2025-07-25
本周热门,国金证券-电子行业专题研究报告：电子配置&超配比例创历史新高，AI PCB为核心加仓方向-250727,,,买入,,,,1,2025-07-31 10:05:57,行业分析,2025-07-27
本周热门,华西证券-计算机行业稳定币：加密产业价值地图-250729,,,,,,,1,2025-07-31 10:05:57,行业分析,2025-07-30
本周热门,天风证券-半导体行业研究周报：6月总结及Q3展望，关注旺季+创新共振下的高价值赛道-250728,,,强于大市,,,,1,2025-07-31 10:05:57,行业分析,2025-07-28
本周热门,国金证券-医药行业慢阻肺专题深度：慢病蓝海疗法迭代，国产新药BD潜力凸显-250729,,,买入,,,,1,2025-07-31 10:05:57,行业分析,2025-07-29
本周热门,金元证券-电子行业微纳世界的建筑师：光刻技术深度解析-250728,,,增持,,,,1,2025-07-31 10:05:57,行业分析,2025-07-30
本周热门,民生证券-电力设备新能源行业变压器颠覆性技术路线：AIDC系列（五），SST方案-250723,,,,,,,1,2025-07-31 10:05:57,行业分析,2025-07-23
本周热门,开源证券-基础化工行业化工“反内卷”系列报告（四）：产能投放高峰已过，供需格局好转叠加行业自律助力有机硅盈利修复-250724,,,看好,,,,1,2025-07-31 10:05:57,行业分析,2025-07-24
本周热门,慧博智能投研-水电行业深度：发展近况、运营特征、发展预期及相关公司深度梳理-250728,,,,,,,1,2025-07-31 10:05:57,行业分析,2025-07-28
本周热门,光大证券-《见微知著》系列第二十五篇：海南封关，如何重塑中国开放格局？-250727,,,,,,,1,2025-07-31 10:05:57,宏观经济,2025-07-27
本周热门,国金证券-非金属建材行业点评：盘点“十五五”期间的潜力大基建，水电站、运河、跨海大桥-250723,,,买入,,,,2,2025-07-31 10:05:59,行业分析,2025-07-24
本周热门,东吴证券-宏观深度报告：“反内卷”，三重目标下如何去产能、提物价-250728,,,,,,,2,2025-07-31 10:05:59,宏观经济,2025-07-28
本周热门,东吴证券-医药生物行业点评报告：医保局支持创新药械，集采有望逐步缓和-250725,,,增持,,,,2,2025-07-31 10:05:59,行业分析,2025-07-26
本周热门,开源证券-兆驰股份-002429-公司首次覆盖报告：Mini LED高附加值产品放量+越南基地自动化更新扩产增效，公司业绩向上的拐点逐步清晰-250723,,,买入（首次）,,,,2,2025-07-31 10:05:59,公司调研,2025-07-24
本周热门,东吴证券-北交所定期报告：李强将出席2025世界人工智能大会，北证指数温和反弹-250724,,,,,,,2,2025-07-31 10:05:59,投资策略,2025-07-24
本周热门,国金证券-光伏行业7月月度跟踪：“反内卷”扎实推进，产业链价格走势回暖-250724,,,买入,,,,2,2025-07-31 10:05:59,行业分析,2025-07-24
本周热门,开源证券-光伏设备行业深度报告：光伏技术深度系列（一），BC盈利拐点率先而至，“反内卷”时代未来可期-250727,,,看好,,,,2,2025-07-31 10:05:59,行业分析,2025-07-28
本周热门,东吴证券-中科蓝讯-688332-端侧赋能可穿戴SoC，跨领域拓展新蓝海-250724,,,买入（首次）,,,,2,2025-07-31 10:05:59,公司调研,2025-07-24
本周热门,国投证券-反杠铃超额：不止牛市-250727,,,,,,,2,2025-07-31 10:05:59,投资策略,2025-07-27
本周热门,光大证券-海外AI行业跟踪报告：美股AI算力需求火热，如何看待下游AI应用产业趋势？-250729,,,,,,,2,2025-07-31 10:05:59,行业分析,2025-07-29
本周热门,东吴证券-宏观深度报告：中国的服务业占比低吗？工资低吗？-250724,,,,,,,2,2025-07-31 10:05:59,宏观经济,2025-07-24
本周热门,国金证券-宏观经济点评报告：育儿补贴落地，影响几何？-250729,,,,,,,2,2025-07-31 10:05:59,宏观经济,2025-07-29
本周热门,开源证券-生物制品行业深度报告：多发性硬化，百亿美金市场，BTKi发展前景广阔-250730,,,看好,,,,2,2025-07-31 10:05:59,行业分析,2025-07-30
本周热门,东吴证券-机械设备行业中东天然气设备深度报告：发电+能源转型加速中东天然气开发，中东装备出海正当时-250725,,,,,,,2,2025-07-31 10:05:59,行业分析,2025-07-25
本周热门,财通证券-杭叉集团-603298-电动化、国际化、智能化三重驱动，公司阔步迈向新时代-250729,,,增持,,,,2,2025-07-31 10:05:59,公司调研,2025-07-30
本周热门,天风证券-公用事业行业专题研究：136号文的实施，是否会加速可再生能源补贴问题的解决？-250725,,,强于大市,,,,2,2025-07-31 10:05:59,行业分析,2025-07-25
本周热门,中邮证券-宏观观点：稳定币如何影响美债需求和全球货币格局？-250724,,,,,,,2,2025-07-31 10:05:59,宏观经济,2025-07-24
本周热门,太平洋证券-铝行业深度：资源全球配套，绿电铝产业链有潜力-250722,,,,,,,2,2025-07-31 10:05:59,行业分析,2025-07-24
本周热门,光大证券-钨行业点评报告：雅江水电叠加战略价值重估，钨精矿价格屡创新高-250723,,,增持,,,,2,2025-07-31 10:05:59,行业分析,2025-07-23
本周热门,光大证券-《大国博弈》系列第八十八篇：稳定币，从数字美元到霸权上链 -250725,,,,,,,2,2025-07-31 10:05:59,宏观经济,2025-07-25
本周热门,民生证券-基础化工行业专题报告：“反内卷”趋势下，化工多个子行业有望盈利修复-250728,,,推荐,,,,2,2025-07-31 10:05:59,行业分析,2025-07-28
本周热门,财通证券-立高食品-300973-三周期看烘焙龙头的价值重估：立势谋远，高擎增长-250726,,,买入,,,,2,2025-07-31 10:05:59,公司调研,2025-07-26
本周热门,民生证券-计算机行业2025Q2持仓分析：机构持仓处历史底部，集中度有所降低-250725,,,推荐,,,,2,2025-07-31 10:05:59,行业分析,2025-07-25
本周热门,东吴证券-卓兆点胶-873726-智能点胶设备受益智能穿戴行业，并购优质公司拓宽科技赛道-250724,,,买入（首次）,,,,2,2025-07-31 10:05:59,公司调研,2025-07-24
本周热门,太平洋证券-华纳药厂-688799-高端化药与创新中药共发展，重磅抗抑郁药临床顺利-250724,,,买入（首次）,,,,2,2025-07-31 10:05:59,公司调研,2025-07-25
本周热门,国信证券-食品饮料行业专题——新消费研究之二：中国餐饮供应链效率革命，食材预制化与餐饮零食化的双轮驱动-250725,,,优于大市,,,,2,2025-07-31 10:05:59,行业分析,2025-07-25
本周热门,华安证券-国防军工行业：核聚变行业简析-250728,,,增持,,,,2,2025-07-31 10:05:59,行业分析,2025-07-28
本周热门,民生证券-海外市场点评：谈判时刻，从美日、美欧看中美-250724,,,,,,,2,2025-07-31 10:05:59,宏观经济,2025-07-24
本周热门,开源证券-远航精密-833914-北交所首次覆盖报告：精密结构件毛利提升驱动盈利修复，铁镍集流体布局固态电池材料体系-250721,,,增持（首次）,,,,2,2025-07-31 10:05:59,公司调研,2025-07-24
本周热门,财通证券-志特新材-300986-折旧节约促盈利，海外扩张助增长-250723,,,增持（首次）,,,,2,2025-07-31 10:05:59,公司调研,2025-07-24
本周热门,东吴证券-食品饮料行业深度报告：硬折扣系列报告，机遇窗口期，百舸争流-250724,,,增持,,,,2,2025-07-31 10:05:59,行业分析,2025-07-24
本周热门,光大证券-医药生物行业国务院新闻办新闻发布会点评：医药集采反内卷推动价值重估，支持创新长逻辑坚挺-250724,,,增持,,,,2,2025-07-31 10:05:59,行业分析,2025-07-24
本周热门,华西证券-基金转债持仓季度点评：25Q2固收+基金持仓，转债供不应求-250724,,,,,,,2,2025-07-31 10:05:59,宏观经济,2025-07-24
本周热门,东吴证券-信宇人-688573-锂电干燥设备龙头，差异化布局卤化物电解质解决方案-250726,,,增持（首次）,,,,2,2025-07-31 10:05:59,公司调研,2025-07-26
本周热门,东吴证券-聚星科技-920111-电接触产品“小巨人”，技术创新夯实行业地位-250724,,,增持（首次）,,,,2,2025-07-31 10:05:59,公司调研,2025-07-24
本周热门,东吴证券-纳科诺尔-832522-干法电极设备持续突破，固态稀缺龙头大有可为-250727,,,买入（上调）,,,,2,2025-07-31 10:05:59,公司调研,2025-07-27
本周热门,东吴证券-北交所定期报告：海南封关进一步扩大开放，北证指数有所回调-250723,,,,,,,2,2025-07-31 10:05:59,投资策略,2025-07-23
本周热门,开源证券-食品饮料行业点评报告：食品饮料仓位新低，建议布局白酒与新消费潜力股-250724,,,看好,,,,2,2025-07-31 10:05:59,行业分析,2025-07-24
本周热门,东方证券-传媒行业AI产业研究系列（二）字节跳动AI应用篇：字节AI应用流量领先，下半年看好垂类应用变现提速-250730,,,看好,,,,2,2025-07-31 10:05:59,行业分析,2025-07-31
本周热门,华西证券-芯碁微装-688630-直写光刻龙头，PCB、泛半导体双轮驱动公司成长-250727,,,买入（首次）,,,,2,2025-07-31 10:05:59,公司调研,2025-07-29
本周热门,华鑫证券-煤炭行业深度报告：供需缺口或逐步扩大，煤炭行业或迎新一轮价值重估-250729,,,推荐（首次）,,,,2,2025-07-31 10:05:59,行业分析,2025-07-29
本周热门,国联民生证券-亿纬锂能-300014-动储持续发力，打造优质的锂电池全场景供应商-250728,,,买入,,,,2,2025-07-31 10:05:59,公司调研,2025-07-28
本周热门,天风证券-2025年2季度医药行业基金持仓结构分析-250728,,,强于大市,,,,2,2025-07-31 10:05:59,行业分析,2025-07-28
本周热门,东吴证券-宏观点评：下一阶段轮动到哪些行业？-250727,,,,,,,2,2025-07-31 10:05:59,宏观经济,2025-07-27
本周热门,华鑫证券-华工科技-000988-公司事件点评报告：联接业务爆发式增长，3D打印实现规模突破-250728,,,买入（首次）,,,,2,2025-07-31 10:05:59,公司调研,2025-07-28
本周热门,慧博智能投研-慧博研报炼金之研报头条精华：“ 反内卷” 的行情阶段，及后续展望-250725,,,,,,,2,2025-07-31 10:05:59,投资策略,2025-07-25
本周热门,华西证券-“反内卷”系列研究报告（二）：“反内卷”，物价回升几何？-250725,,,,,,,2,2025-07-31 10:05:59,宏观经济,2025-07-27
本周热门,华西证券-源飞宠物-001222-宠物用品及食品双轮驱动，发力自主品牌-250728,,,买入（首次）,,,,2,2025-07-31 10:05:59,公司调研,2025-07-28
本周热门,东莞证券-半导体行业双周报：长江存储全国产化产线今年试产，关注半导体设备国产替代机遇-250725,,,超配,,,,2,2025-07-31 10:05:59,行业分析,2025-07-25
本周热门,东吴证券-电力设备行业深度报告：25Q2基金持仓深度，电新重仓Q2总体下降，电动车、光伏、储能、工控、电网板块均下降，风电板块上升——基于12658支基金2025年二季报的前十大持仓的定量分析-250730,,,增持,,,,2,2025-07-31 10:05:59,行业分析,2025-07-30
本周热门,财通证券-妙可蓝多-600882-C端向新，B端向广，奶酪龙头破茧蜕变-250727,,,增持（首次）,,,,3,2025-07-31 10:06:00,公司调研,2025-07-27
本周热门,开源证券-北交所行业主题报告：北交所乳业，活牛价格反弹先行，原奶周期拐点在即，产业链公司或迎改善-250723,,,,,,,3,2025-07-31 10:06:00,投资策略,2025-07-23
本周热门,东吴证券-厦钨新能-688778-2025年半年度业绩快报点评：Q2业绩略超预期，钴酸锂销量高增盈利亮眼-250723,,,买入,,,,3,2025-07-31 10:06:00,公司调研,2025-07-23
本周热门,开源证券-中小盘周报：看好AI+应用，关注膳食营养补充剂-250727,,,,,,,3,2025-07-31 10:06:00,投资策略,2025-07-27
本周热门,华金证券-事件点评：反内卷下周期行情短期可能持续-250724,,,,,,,3,2025-07-31 10:06:00,投资策略,2025-07-24
本周热门,天风证券-策略专题：2025中报前瞻，关注预告日至财报日的景气超额-250723,,,,,,,3,2025-07-31 10:06:00,投资策略,2025-07-23
本周热门,民生证券-计算机行业动态报告：GPT5前瞻之多模态——AI应用货币化先锋-250729,,,推荐,,,,3,2025-07-31 10:06:00,行业分析,2025-07-29
本周热门,天风证券-天音控股-000829-3C产品分销龙头，多元化布局受益AI带来消费电子行业机遇与价值链重构-250726,,,持有（首次）,,,,3,2025-07-31 10:06:00,公司调研,2025-07-26
本周热门,华鑫证券-计算机行业周报：智源和Kimi K2测试成绩优秀，OpenAI正式推出通用智能体-250724,,,推荐,,,,3,2025-07-31 10:06:00,行业分析,2025-07-24
本周热门,慧博智能投研-慧博研报炼金之研报头条精华：鼎沸时，看科技-250724,,,,,,,3,2025-07-31 10:06:00,投资策略,2025-07-24
本周热门,华西证券-稀土磁材行业深度系列报告—上游矿山资源篇-250730,,,,,,,3,2025-07-31 10:06:00,行业分析,2025-07-30
本周热门,国信证券-电子行业周报：半导体全面反弹伊始，看好三重周期共振下的估值扩张行情-250728,,,优于大市,,,,3,2025-07-31 10:06:00,行业分析,2025-07-28
本周热门,民生证券-智明达-688636-2025年半年报点评：1H25业绩大增表现亮眼；在手订单同比增长74%-250725,,,推荐,,,,3,2025-07-31 10:06:00,公司调研,2025-07-25
本周热门,天风证券-基础化工行业专题研究：参考供给侧改革，通过“成本要素”定价“反内卷”-250723,,,中性,,,,3,2025-07-31 10:06:00,行业分析,2025-07-23
本周热门,国金证券-A股策略周报：新驱动的出现-250727,,,,,,,3,2025-07-31 10:06:00,投资策略,2025-07-27
本周热门,开源证券-中孚实业-600595-公司首次覆盖报告：成本优化+电解铝权益产能提升，公司盈利弹性可期-250723,,,买入（首次）,,,,3,2025-07-31 10:06:00,公司调研,2025-07-24
本周热门,华福证券-【华福策略】市场状态高频数据库——7月第4周-250728,,,,,,,3,2025-07-31 10:06:00,投资策略,2025-07-28
本周热门,国金证券-沿着阻力最小的方向？-250726,,,,,,,3,2025-07-31 10:06:00,宏观经济,2025-07-27
本周热门,国信证券-策略周思考：“内卷式”消灭1到2倍市净率和“反内卷”行情-250728,,,,,,,3,2025-07-31 10:06:00,投资策略,2025-07-28
本周热门,国金证券-电子行业周报：斗山覆铜板业务Q2超预期，继续看好量价齐升的AI~PCB产业链-250727,,,买入,,,,3,2025-07-31 10:06:00,行业分析,2025-07-27
本周热门,华金证券-电连技术-300679-汽车连接器国产替代先锋，智驾平权与消费复苏双轮驱动增长-250724,,,买入（首次）,,,,3,2025-07-31 10:06:00,公司调研,2025-07-24
本周热门,开源证券-北交所策略专题报告：北交所投资框架，聚焦高稀缺·高成长·高股息，挖掘α/β双轮驱动机会-250728,,,,,,,3,2025-07-31 10:06:00,投资策略,2025-07-29
本周热门,华金证券-医疗器械行业：集采“反内卷”，医疗器械行业估值有望迎来修复-250726,,,领先大市,,,,3,2025-07-31 10:06:00,行业分析,2025-07-26
本周热门,国联民生证券-电力设备行业专题研究：数据中心液冷渗透率有望大幅提升-250728,,,强于大市,,,,3,2025-07-31 10:06:00,行业分析,2025-07-28
本周热门,中航证券-方正科技-600601-锚定AI浪潮，高端PCB引领增长新势能-250721,,,买入（首次）,,,,3,2025-07-31 10:06:00,公司调研,2025-07-24
本周热门,华西证券-宏观研究报告：否极泰来-250727,,,,,,,3,2025-07-31 10:06:00,宏观经济,2025-07-27
本周热门,东吴证券-北交所定期报告：证监会部署巩固市场态势，北交所成交缩量个股分化加剧-250725,,,,,,,3,2025-07-31 10:06:00,投资策略,2025-07-25
本周热门,天风证券-医药生物行业点评：自免领域中国创新药产出越发丰富，深度参与全球商业化-250725,,,强于大市,,,,3,2025-07-31 10:06:00,行业分析,2025-07-25
本周热门,东吴证券-机械设备行业跟踪周报：雅下项目托底内需，看好工程机械迎历史性机遇-250727,,,增持,,,,3,2025-07-31 10:06:00,行业分析,2025-07-27
本周热门,光大证券-建筑建材行业更新报告：雅江水电站板块可能有哪些遗珠？-250724,,,,,,,3,2025-07-31 10:06:00,行业分析,2025-07-24
本周热门,华安证券-医药生物行业周报：医药细分行业持续发散，各细分行业进入逻辑挖掘期-250729,,,增持,,,,3,2025-07-31 10:06:00,行业分析,2025-07-29
本周热门,光大证券-顺络电子-002138-跟踪报告之四：汽车&数据中心业务高速增长，AI终端带动需求提升-250725,,,买入,,,,3,2025-07-31 10:06:00,公司调研,2025-07-25
本周热门,中邮证券-医药生物行业报告：医疗器械板块三季度有望迎来业绩拐点，建议积极布局-250728,,,强于大市,,,,3,2025-07-31 10:06:00,行业分析,2025-07-28
本周热门,开源证券-电子行业：PCB新技术方向，新材料、新架构、新封装“三新”共振，铸造板块强β-250729,,,看好,,,,3,2025-07-31 10:06:00,行业分析,2025-07-29
本周热门,东吴证券-大金重工-002487-中标欧洲扩容订单，业绩确定性增强-250723,,,买入,,,,3,2025-07-31 10:06:00,公司调研,2025-07-23
本周热门,山西证券-汽车零部件行业算力设备系列：热管理设备（一），以“摩丁制造”为鉴，看汽零热管理企业拓展路径-250725,,,领先大市-A,,,,3,2025-07-31 10:06:00,行业分析,2025-07-25
本周热门,华鑫证券-基础化工行业：TDI、尿素等涨幅居前，建议关注进口替代、纯内需、高股息等方向-250723,,,推荐,,,,3,2025-07-31 10:06:00,行业分析,2025-07-24
本周热门,华安证券-全球科技（计算机）行业周报：世界人工智能大会（WAIC）召开展现AI产业新机遇-250726,,,增持,,,,3,2025-07-31 10:06:00,行业分析,2025-07-28
本周热门,光大证券-医药生物行业跨市场周报：集采“反内卷”优化行业生态，创新药行业成长动能强劲-250727,,,增持,,,,3,2025-07-31 10:06:00,行业分析,2025-07-27
本周热门,五矿证券-电气设备行业风驰“电车”系列4：储能卡点之电池日历寿命如何突破？-250724,,,看好,,,,3,2025-07-31 10:06:00,行业分析,2025-07-24
本周热门,东方证券-电子行业端侧AI系列报告：智能手表行业持续成长，AI功能及运动需求打开空间-250729,,,看好,,,,3,2025-07-31 10:06:00,行业分析,2025-07-29
本周热门,中邮证券-高德红外-002414-海外市场再签大批量订单，完整装备系统内销外贸空间广阔-250725,,,买入,,,,3,2025-07-31 10:06:00,公司调研,2025-07-25
本周热门,开源证券-芯碁微装-688630-公司深度报告：领先的LDI设备公司，受益PCB设备投资扩张与先进封装产业趋势-250729,,,增持,,,,3,2025-07-31 10:06:00,公司调研,2025-07-29
本周热门,粤开证券-【粤开宏观】房地产调整到了什么阶段？对经济的影响有多大？-250728,,,,,,,3,2025-07-31 10:06:00,宏观经济,2025-07-28
本周热门,东吴证券-医药生物行业跟踪周报：2030年GLP~1有望为1000亿美金“药王”，关注博瑞医药、歌礼制药、信达生物等-250727,,,增持,,,,3,2025-07-31 10:06:00,行业分析,2025-07-27
本周热门,国投证券-隆鑫通用-603766-宗申入主业务协同，无极品牌加速成长-250724,,,买入-A（首次）,,,,3,2025-07-31 10:06:00,公司调研,2025-07-24
本周热门,中邮证券-中石科技-300684-中导高效，石散速捷-250728,,,买入（首次）,,,,3,2025-07-31 10:06:00,公司调研,2025-07-28
本周热门,华金证券-瑞芯微-603893-半年报持续超预期，首发端侧AI协处理器-250723,,,买入,,,,3,2025-07-31 10:06:00,公司调研,2025-07-24
本周热门,东方证券-新能源汽车产业链行业动态跟踪：半固态电池商业化应用加速，铺就全固态产业化关键路径-250724,,,看好,,,,3,2025-07-31 10:06:00,行业分析,2025-07-24
本周热门,天风证券-行业比较专题：宽幅业绩指引的“模糊溢价”-250724,,,,,,,3,2025-07-31 10:06:00,投资策略,2025-07-24
本月热门,东莞证券-2025年7月份投资策略报告：大盘震荡中枢有望稳步抬升-250701,,,,,,,1,2025-07-31 10:06:04,投资策略,2025-07-01
本月热门,西南证券-医药行业2025年中期投资策略：BD加速创新药重估，后续持续看好创新药及产业链、AI医疗、脑机接口等结构性机会-250720,,,,,,,1,2025-07-31 10:06:04,行业分析,2025-07-20
本月热门,国联民生证券-国防军工行业2025年度中期投资策略：内需赶工叠加外贸爆发带来新机遇-250703,,,强于大市,,,,1,2025-07-31 10:06:04,行业分析,2025-07-03
本月热门,东吴证券-固态电池设备行业深度：固态电池0~1快速发展，产业化初期设备商优先受益-250701,,,,,,,1,2025-07-31 10:06:04,行业分析,2025-07-01
本月热门,东海证券-机械行业：人形机器人从概念到量产，核心零部件机遇梳理-250716,,,,,,,1,2025-07-31 10:06:04,行业分析,2025-07-17
本月热门,东吴证券-固态电池行业：固态电池渐行渐近、新技术及工艺持续涌现-250710,,,,,,,1,2025-07-31 10:06:04,行业分析,2025-07-10
本月热门,天风证券-医药生物行业：2015~2025，中国创新药投资十年复盘-250722,,,强于大市,,,,1,2025-07-31 10:06:04,行业分析,2025-07-22
本月热门,东吴证券-电网&工控行业2025中期策略报告：AIDC&机器人趋势不改，继续看好第二增长曲线-250709,,,,,,,1,2025-07-31 10:06:04,行业分析,2025-07-09
本月热门,国金证券-北方导航-600435-业绩大幅改善，低成本弹药进入放量期-250710,,,买入,,,,1,2025-07-31 10:06:04,公司调研,2025-07-11
本月热门,天风证券-半导体行业专题研究：涨价持续性+AI强催化+国产化加速，重点推荐存储板块机遇-250702,,,强于大市,,,,1,2025-07-31 10:06:04,行业分析,2025-07-02
本月热门,东吴证券-人形机器人行业深度报告：机器人旋转关节核心部件，精密减速器国产替代正当时-250724,,,,,,,1,2025-07-31 10:06:04,行业分析,2025-07-24
本月热门,东吴证券-人形机器人行业深度研究系列九：人形机器人轻量化，产业化前夕的进修课，应用为重-250712,,,,,,,1,2025-07-31 10:06:04,行业分析,2025-07-12
本月热门,华西证券-鼎沸时，看科技-250723,,,,,,,1,2025-07-31 10:06:04,宏观经济,2025-07-23
本月热门,国投证券-电力设备及新能源行业固态电池系列报告（一）：未来已来，固态电池行业迎来产业驱动-250716,,,领先大市-A,,,,1,2025-07-31 10:06:04,行业分析,2025-07-16
本月热门,东吴证券-计算机行业深度报告：落实“人工智能+”，赋能千行百业-250713,,,增持,,,,1,2025-07-31 10:06:04,行业分析,2025-07-15
本月热门,财通证券-龙头化研究1：“反内卷”整合，龙头化五大方向-250723,,,,,,,1,2025-07-31 10:06:04,投资策略,2025-07-24
本月热门,国金证券-军贸行业专题研究报告：中国军贸体系化、高端化提速，突破军工市场天花板-250703,,,买入,,,,1,2025-07-31 10:06:04,行业分析,2025-07-07
本月热门,天风证券-玻璃玻纤行业特种电子布系列一：算力产业链高景气赛道，高端卡位奇点或已至-250706,,,强于大市,,,,1,2025-07-31 10:06:04,行业分析,2025-07-06
本月热门,国金证券-非银行金融行业稳定币系列报告一：扬帆起航，香港稳定币产业链生态深度解析-250717,,,买入,,,,1,2025-07-31 10:06:04,行业分析,2025-07-18
本月热门,华鑫证券-新易盛-300502-公司事件点评报告：800G需求爆发驱动业绩高增，技术领先夯实成长动能-250721,,,买入,,,,1,2025-07-31 10:06:04,公司调研,2025-07-21
本月热门,民生证券-机器人行业专题报告：人形机器人量产在即，重视相关新材料投资机会-250708,,,推荐,,,,1,2025-07-31 10:06:04,行业分析,2025-07-08
本月热门,天风证券-电力设备行业：光伏新技术，看好BC从1到10-250705,,,强于大市,,,,1,2025-07-31 10:06:04,行业分析,2025-07-05
本月热门,国金证券-基础化工行业点评：雅鲁藏布江下游水电工程正式开工，民爆企业或将受益于需求增长-250720,,,买入,,,,1,2025-07-31 10:06:04,行业分析,2025-07-21
本月热门,国信证券-东方电气-600875-雅鲁藏布江下游水电工程开工，水电设备持续成长-250720,,,优于大市,,,,1,2025-07-31 10:06:04,公司调研,2025-07-20
本月热门,国金证券-机械行业深度研究：超导材料供给危机，核聚变需求加速，谁在突破产能瓶颈？-250710,,,买入,,,,1,2025-07-31 10:06:04,行业分析,2025-07-11
本月热门,长城证券-周度策略行业配置观点：苦于“弱现实”久矣，正视我们在改善-250714,,,,,,,1,2025-07-31 10:06:04,投资策略,2025-07-14
本月热门,财通证券-“反内卷”的龙头化机会-250706,,,,,,,1,2025-07-31 10:06:04,投资策略,2025-07-06
本月热门,慧博智能投研-端侧AI行业深度：驱动因素、商业模式、产业链及相关公司深度梳理-250714,,,,,,,1,2025-07-31 10:06:04,行业分析,2025-07-14
本月热门,开源证券-基础化工行业化工“反内卷”系列报告（开篇）：“反内卷”势在必行，化工行业新一轮供给侧改革呼之欲出-250722,,,看好,,,,1,2025-07-31 10:06:04,行业分析,2025-07-22
本月热门,慧博智能投研-光刻机行业深度：核心技术、竞争格局、国产替代及相关公司深度梳理-250714,,,,,,,1,2025-07-31 10:06:04,行业分析,2025-07-14
本月热门,华西证券-计算机行业：RWA，代币化新世界-250705,,,,,,,1,2025-07-31 10:06:04,行业分析,2025-07-05
本月热门,国信证券-计算机行业全球AI应用产品梳理：模型能力持续迭代，智能体推动商业化进程-250723,,,优于大市,,,,1,2025-07-31 10:06:04,行业分析,2025-07-23
本月热门,开源证券-元件行业深度报告：特种玻纤布供不应求，国产厂商加速渗透-250710,,,看好,,,,1,2025-07-31 10:06:04,行业分析,2025-07-10
本月热门,国信证券-汽车行业人形机器人系列专题之新型减速器：摆线减速器有望成为人形机器人新的迭代方向-250707,,,优于大市,,,,1,2025-07-31 10:06:04,行业分析,2025-07-07
本月热门,国金证券-智元机器人行业专题（一）：国内人形商业化头部公司，供应链生态初具雏形-250721,,,买入,,,,1,2025-07-31 10:06:04,行业分析,2025-07-22
本月热门,天风证券-半导体行业研究周报：半年报业绩预告期，重点关注各板块高增绩优标的-250715,,,强于大市,,,,1,2025-07-31 10:06:04,行业分析,2025-07-15
本月热门,天风证券-产业赛道投资图谱：育儿补贴政策下的投资机会-250704,,,,,,,1,2025-07-31 10:06:04,投资策略,2025-07-04
本月热门,光大证券-2025年中期策略：望向新高-250710,,,,,,,1,2025-07-31 10:06:04,投资策略,2025-07-10
本月热门,国信证券-医药生物行业2025年7月投资策略：继续推荐关注创新药及创新产业链-250717,,,优于大市,,,,1,2025-07-31 10:06:04,行业分析,2025-07-17
本月热门,东吴证券-长江电力-600900-2025H1电量稳增，国债收益率下行红利标杆空间打开-250711,,,买入,,,,1,2025-07-31 10:06:04,公司调研,2025-07-11
本月热门,国投证券-药明康德-603259-核心管线厚积薄发，一体化CRDMO龙头砥砺奋进再起航-250720,,,买入-A,,,,1,2025-07-31 10:06:04,公司调研,2025-07-20
本月热门,国投证券-计算机行业：RDA，链接加密货币和数据要素的桥梁-250713,,,领先大市-A,,,,1,2025-07-31 10:06:04,行业分析,2025-07-13
本月热门,天风证券-互联网行业中期策略报告：全球重估，2025中国互联网重回进取和进化-250703,,,,,,,1,2025-07-31 10:06:04,行业分析,2025-07-03
本月热门,东海证券-稀土行业产业链深度报告：全球主导地位稳固，高端应用描绘增长新曲线-250716,,,,,,,1,2025-07-31 10:06:04,行业分析,2025-07-16
本月热门,东吴证券-2025年光伏行业策略报告：供给侧拐点已至，新技术持续提升-250712,,,,,,,1,2025-07-31 10:06:04,行业分析,2025-07-12
本月热门,东吴证券-汽车行业AI+汽车智能化系列之十四：华为汽车业务核心竞争力剖析-250711,,,,,,,1,2025-07-31 10:06:04,行业分析,2025-07-12
本月热门,国信证券-金属行业中期投资策略：供给收缩需求稳增，逆全球化下金属价值重估-250702,,,优于大市,,,,1,2025-07-31 10:06:04,行业分析,2025-07-02
本月热门,慧博智能投研-光通信行业深度：驱动因素、发展趋势、产业链及相关公司深度梳理-250707,,,,,,,1,2025-07-31 10:06:04,行业分析,2025-07-07
本月热门,华龙证券-传媒行业2025年中期策略报告：谷子经济持续高景气，关注IP潮玩及AI应用落地-250624,,,推荐,,,,1,2025-07-31 10:06:04,行业分析,2025-07-04
本月热门,东兴证券-首席周观点：2025年第28周-250711,,,,,,,1,2025-07-31 10:06:04,投资策略,2025-07-11
本月热门,国联民生证券-光伏设备行业专题研究：如何看待硅料价格拐点及弹性？-250702,,,强于大市,,,,2,2025-07-31 10:06:06,行业分析,2025-07-02
本月热门,五矿证券-电气设备行业固态电池系列 2：从底层逻辑上看全固态电池难点和产业节奏-250714,,,看好,,,,2,2025-07-31 10:06:06,行业分析,2025-07-14
本月热门,华鑫证券-化工行业专题报告：化工行业“反内卷”研究-250723,,,推荐,,,,2,2025-07-31 10:06:06,行业分析,2025-07-24
本月热门,华安证券-化工行业2025中期投资策略：关注涨价弹性、国产替代、超跌头部三大主线-250718,,,,,,,2,2025-07-31 10:06:06,行业分析,2025-07-18
本月热门,东吴证券-华友钴业-603799-2025年中报业绩预告点评：Q2镍利润稳定，钴业绩弹性释放-250709,,,买入,,,,2,2025-07-31 10:06:06,公司调研,2025-07-09
本月热门,东吴证券-人形机器人行业深度报告：人形轻量化大势所趋，镁合金&“以塑代钢”是核心-250709,,,,,,,2,2025-07-31 10:06:06,行业分析,2025-07-12
本月热门,华安证券-可控核聚变行业专题：核聚变“黑马”FRC，关注半导体开关产业趋势-250723,,,,,,,2,2025-07-31 10:06:06,行业分析,2025-07-23
本月热门,国信证券-主题策略专题：把握海洋经济投资机会-250702,,,,,,,2,2025-07-31 10:06:06,投资策略,2025-07-02
本月热门,西南证券-有色金属行业2025年中期投资策略：中长期看好金铜铝，重视战略金属-250718,,,,,,,2,2025-07-31 10:06:06,行业分析,2025-07-18
本月热门,华福证券-人工智能行业：国产AI Agent的崛起-250728,,,强于大市,,,,2,2025-07-31 10:06:06,行业分析,2025-07-28
本月热门,天风证券-隧道股份-600820-上海国资围绕加密货币与稳定币的发展趋势及应对策略开展学习，关注企业运营资产价值-250711,,,买入,,,,2,2025-07-31 10:06:06,公司调研,2025-07-11
本月热门,国投证券-2025年医药行业中期策略：创新出海引领投资主线，复苏改善接踵而至-250703,,,领先大市-A,,,,2,2025-07-31 10:06:06,行业分析,2025-07-03
本月热门,东吴证券-钙钛矿行业深度之二：效率持续提升、GW线逐步落地，钙钛矿产业曙光渐近-250702,,,,,,,2,2025-07-31 10:06:06,行业分析,2025-07-02
本月热门,天风证券-2025电子行业中期策略：等待创新和周期共振-250724,,,强于大市,,,,2,2025-07-31 10:06:06,行业分析,2025-07-24
本月热门,天风证券-机器人行业产业趋势研判：重视价值量有望提升摆线减速器-250712,,,强于大市,,,,2,2025-07-31 10:06:06,行业分析,2025-07-12
本月热门,天风证券-精达股份-600577-电磁线筑基，特种导体打造公司新成长曲线-250707,,,买入,,,,2,2025-07-31 10:06:06,公司调研,2025-07-07
本月热门,东吴证券-AI算力行业跟踪深度：算力互连复盘与展望——网络互连带宽的增速来自哪里？-250723,,,,,,,2,2025-07-31 10:06:06,行业分析,2025-07-23
本月热门,天风证券-消费电子行业：GB300服务器即将出货、甲骨文合同落地，看好算力投资机遇-250707,,,强于大市,,,,2,2025-07-31 10:06:06,行业分析,2025-07-07
本月热门,光大证券-策略周专题（2025年7月第1期）：哪些行业中报业绩可能更占优势？-250713,,,,,,,2,2025-07-31 10:06:06,投资策略,2025-07-13
本月热门,东吴证券-传媒行业深度报告：短剧出海，不止于“奈飞平替”-250716,,,增持,,,,2,2025-07-31 10:06:06,行业分析,2025-07-16
本月热门,开源证券-投资策略专题：深海科技——贯穿下半年的强主题机会-250705,,,,,,,2,2025-07-31 10:06:06,投资策略,2025-07-05
本月热门,国联民生证券-赛力斯-601127-2025年半年报业绩预告点评：新车销量快速增长，盈利能力显著提升-250714,,,买入,,,,2,2025-07-31 10:06:06,公司调研,2025-07-14
本月热门,开源证券-通信行业深度报告：AI驱动光铜共进，AEC等受益于高速短距连接需求-250708,,,看好,,,,2,2025-07-31 10:06:06,行业分析,2025-07-08
本月热门,慧博智能投研-机器人轻量化深度：优化路径、材料轻量化、市场空间及相关公司深度梳理-250721,,,,,,,2,2025-07-31 10:06:06,行业分析,2025-07-21
本月热门,华西证券-反内卷系列研究报告（一）：反内卷，行业差异与资产影响-250720,,,,,,,2,2025-07-31 10:06:06,宏观经济,2025-07-20
本月热门,慧博智能投研-液冷行业深度：驱动因素、市场空间、产业链及相关公司深度梳理-250725,,,,,,,2,2025-07-31 10:06:06,行业分析,2025-07-25
本月热门,中航证券-策略点评：经济转型牛持续，军工和资源品有望成为三季度市场主线-250712,,,,,,,2,2025-07-31 10:06:06,投资策略,2025-07-13
本月热门,东吴证券-风电行业2025年度中期策略报告：25年陆海风需求共振，看好两海成长空间-250710,,,,,,,2,2025-07-31 10:06:06,行业分析,2025-07-11
本月热门,民生证券-国脉科技-002093-2025年半年报业绩预告点评：业绩预增亮眼，AI智能体和国脉币赋能养老生态-250702,,,推荐,,,,2,2025-07-31 10:06:06,公司调研,2025-07-02
本月热门,东海证券-机械行业：人形机器人从概念到量产，核心零部件机遇梳理-250718,,,,,,,2,2025-07-31 10:06:06,行业分析,2025-07-18
本月热门,慧博智能投研-脑机接口行业深度：市场现状、商业前景、产业链及相关企业深度梳理-250718,,,,,,,2,2025-07-31 10:06:06,行业分析,2025-07-18
本月热门,华鑫证券-卫宁健康-300253-公司动态研究报告：医疗智能化进程持续推进，AI新品有望带动业绩增长-250630,,,买入（首次）,,,,2,2025-07-31 10:06:06,公司调研,2025-06-30
本月热门,东海证券-技术分析行业指数简评：创业板月线技术条件相近于2019年12月突破前状态-250711,,,,,,,2,2025-07-31 10:06:06,投资策略,2025-07-11
本月热门,国金证券-中材科技-002080-业绩大幅增长，继续推荐AI电子布“大满贯”-250711,,,买入,,,,2,2025-07-31 10:06:06,公司调研,2025-07-13
本月热门,国联民生证券-海外市场2025年度中期投资策略：把握“不确定性”的边界-250711,,,,,,,2,2025-07-31 10:06:06,投资策略,2025-07-11
本月热门,交银国际-钧达股份-002865-产品价格偏软下业绩预告符合预期，海外产能布局再下一城-250716,,,买入,,,,2,2025-07-31 10:06:06,公司调研,2025-07-16
本月热门,国投证券-叙事变了！新旧动能转换四阶段框架-250709,,,,,,,2,2025-07-31 10:06:06,投资策略,2025-07-09
本月热门,民生证券-顺丰控股-002352-深度报告：顺势而为，构筑长期主义价值底色-250709,,,推荐（首次）,,,,2,2025-07-31 10:06:06,公司调研,2025-07-09
本月热门,东海证券-电子行业2025年中期投资策略：行业供需弱平衡，关注AI与国产化机会-250709,,,,,,,2,2025-07-31 10:06:06,行业分析,2025-07-09
本月热门,华金证券-技源集团-603262-新股覆盖研究-250706,,,,,,,2,2025-07-31 10:06:06,公司调研,2025-07-06
本月热门,东吴证券-能科科技-603859-工业软件和工业AI的领跑者，AI agent打造第二成长曲线-250701,,,买入（首次）,,,,2,2025-07-31 10:06:06,公司调研,2025-07-01
本月热门,开源证券-赛力斯-601127-公司信息更新报告：Q2业绩预计高增，高端车型持续放量推动量价齐升-250711,,,买入,,,,2,2025-07-31 10:06:06,公司调研,2025-07-11
本月热门,光大证券-中国电建-601669-动态跟踪报告：水电工程龙头，受益雅江水电站动工-250720,,,买入,,,,2,2025-07-31 10:06:06,公司调研,2025-07-20
本月热门,国联民生证券-军工行业军贸专题2：装备体系视角下我国的军贸出口机会-250717,,,强于大市,,,,2,2025-07-31 10:06:06,行业分析,2025-07-17
本月热门,慧博智能投研-减速器行业深度：行业壁垒、市场需求、产业链及相关公司深度梳理-250721,,,,,,,2,2025-07-31 10:06:06,行业分析,2025-07-21
本月热门,东吴证券-国防军工行业点评报告：9·3阅兵在即，看好阅兵催化下的军工装备升级周期-250715,,,增持,,,,2,2025-07-31 10:06:06,行业分析,2025-07-15
本月热门,天风证券-行业比较专题：“反内卷”行情的三阶段-250704,,,,,,,2,2025-07-31 10:06:06,投资策略,2025-07-04
本月热门,慧博智能投研-先进封装深度：应用领域、代表技术、市场空间、发展展望及相关公司深度梳理-250707,,,,,,,2,2025-07-31 10:06:06,行业分析,2025-07-07
本月热门,中邮证券-隆扬电子-301389-引领布局hvlp5高频铜箔-250709,,,买入（首次）,,,,2,2025-07-31 10:06:06,公司调研,2025-07-09
本月热门,东吴证券-电动车行业2025年中期策略：稳健增长低估值，聚焦锂电龙头和固态新技术-250713,,,,,,,2,2025-07-31 10:06:06,行业分析,2025-07-13
本月热门,天风证券-深海科技、稳定币及脑机接口：产业赛道与主题投资风向标-250704,,,,,,,3,2025-07-31 10:06:08,投资策略,2025-07-04
本月热门,太平洋证券-沪电股份-002463-Q2业绩预告靓丽，算力需求高景气，业绩持续兑现-250711,,,买入,,,,3,2025-07-31 10:06:08,公司调研,2025-07-14
本月热门,长城证券-工业富联-601138-归母净利润增速亮眼，AI服务器云计算持续放量-250711,,,买入,,,,3,2025-07-31 10:06:08,公司调研,2025-07-11
本月热门,民生证券-无锡振华-605319-深度报告：冲压客户结构质变，电镀半导体双轮驱动-250710,,,推荐,,,,3,2025-07-31 10:06:08,公司调研,2025-07-10
本月热门,东吴证券-传媒互联网行业专题：海外为鉴，研判AI应用产业趋势-250727,,,增持,,,,3,2025-07-31 10:06:08,行业分析,2025-07-27
本月热门,海通国际-京北方-002987-公司跟踪报告：人工智能和信创双驱动，新机遇值得期待-250717,,,优于大市,,,,3,2025-07-31 10:06:08,公司调研,2025-07-20
本月热门,西南证券-海南自贸港封关解读-250723,,,,,,,3,2025-07-31 10:06:08,宏观经济,2025-07-24
本月热门,天风证券-和而泰-002402-控制器领军，布局AI产业，向智能化发展增长动能强劲！-250720,,,增持（首次）,,,,3,2025-07-31 10:06:08,公司调研,2025-07-20
本月热门,民生证券-新消费系列报告：解构“第五消费时代”-250712,,,,,,,3,2025-07-31 10:06:08,投资策略,2025-07-12
本月热门,东吴证券-无人叉车行业深度：AI驱动无人叉车技术持续发展，智慧物流有望迎来快速发展期-250708,,,,,,,3,2025-07-31 10:06:08,行业分析,2025-07-08
本月热门,国金证券-计算机行业具身智能前瞻系列深度一：从线虫转向复盘至行动导航，旗帜鲜明看好物理AI-250722,,,买入,,,,3,2025-07-31 10:06:08,行业分析,2025-07-22
本月热门,东吴证券-电力设备与新能源行业2025年中期光伏策略报告：供给侧拐点已至，新技术持续提升-250712,,,,,,,3,2025-07-31 10:06:08,行业分析,2025-07-14
本月热门,东吴证券-汽车行业AI+汽车智能化系列之十五：谁在为智能化买单？-250725,,,,,,,3,2025-07-31 10:06:08,行业分析,2025-07-25
本月热门,国金证券-国产抗体行业（一）：从跟随到突破，PD~（L）1/VEGF正当时-250715,,,买入,,,,3,2025-07-31 10:06:08,行业分析,2025-07-16
本月热门,华西证券-可转债研究宝典之一：从零开始学转债-250721,,,,,,,3,2025-07-31 10:06:08,宏观经济,2025-07-21
本月热门,华西证券-计算机行业：全球虚拟资产牌照知多少-250719,,,,,,,3,2025-07-31 10:06:08,行业分析,2025-07-19
本月热门,民生证券-星网锐捷-002396-2025年中报预告点评：数据中心交换机驱动利润高增，探索跨境支付应用-250713,,,推荐,,,,3,2025-07-31 10:06:08,公司调研,2025-07-13
本月热门,国信证券-计算机行业2025年7月投资策略：AI ASIC市场规模快速增长，稳定币产业链蓄势待发-250715,,,优于大市,,,,3,2025-07-31 10:06:08,行业分析,2025-07-15
本月热门,东莞证券-巨化股份-600160-2025年半年度业绩预增点评：制冷剂高景气延续，公司上半年归母净利大幅预增136%~155%-250709,,,买入,,,,3,2025-07-31 10:06:08,公司调研,2025-07-09
本月热门,国投证券-军工及新材料行业：涅槃——两个中周期间的机遇与风险-250702,,,领先大市-A,,,,3,2025-07-31 10:06:08,行业分析,2025-07-02
本月热门,财通证券-国防军工行业周报：低空会议引导行业有序发展，雅下水电开工民爆率先受益-250721,,,看好,,,,3,2025-07-31 10:06:08,行业分析,2025-07-22
本月热门,万联证券-2025年中期医药生物行业投资策略报告：BD催化创新药资产价值重估-250711,,,强于大市,,,,3,2025-07-31 10:06:08,行业分析,2025-07-11
本月热门,东吴证券-计算机行业深度报告：AI Agent，智能经济时代的生产力解压缩器-250728,,,增持,,,,3,2025-07-31 10:06:08,行业分析,2025-07-28
本月热门,中邮证券-国防军工行业火炮深度：战争之神，王者归来-250725,,,强于大市,,,,3,2025-07-31 10:06:08,行业分析,2025-07-25
本月热门,慧博智能投研-交换机行业深度：市场现状、行业发展趋势、产业链及相关公司深度梳理-250704,,,,,,,3,2025-07-31 10:06:08,行业分析,2025-07-04
本月热门,国元证券-低空经济行业深度报告：战略升维驱动产业变革，低空经济万亿蓝海生态图谱-250714,,,推荐,,,,3,2025-07-31 10:06:08,行业分析,2025-07-14
本月热门,群益证券-中微公司-688012-先进制程产能扩张将利好核心设备企业-250704,,,买进,,,,3,2025-07-31 10:06:08,公司调研,2025-07-04
本月热门,国信证券-互联网行业2025年7月投资策略：指数震荡期，关注独立成长逻辑的AIGC和音乐行业-250703,,,优于大市,,,,3,2025-07-31 10:06:08,行业分析,2025-07-03
本月热门,慧博智能投研-灵巧手行业深度：行业现状、市场机遇、产业链及相关公司深度梳理-250711,,,,,,,3,2025-07-31 10:06:08,行业分析,2025-07-11
本月热门,财通证券-固态电池设备行业周报：继续看好产业周期与技术进步共振-250721,,,看好,,,,3,2025-07-31 10:06:08,行业分析,2025-07-22
本月热门,天风证券-芯动联科-688582-MEMS芯片龙头，应用场景多点开花-250710,,,持有（首次）,,,,3,2025-07-31 10:06:08,公司调研,2025-07-10
本月热门,金元证券-低空经济行业专题系列报告四：无人机与低空物流，拥抱无人物流时代-250630,,,增持,,,,3,2025-07-31 10:06:08,行业分析,2025-07-04
本月热门,光大证券-策略周专题（2025年7月第3期）：当前该追涨，还是寻找补涨？-250726,,,,,,,3,2025-07-31 10:06:08,投资策略,2025-07-27
本月热门,天风证券-25年二季报高景气赛道前瞻：产业赛道与主题投资风向标-250710,,,,,,,3,2025-07-31 10:06:08,投资策略,2025-07-10
本月热门,财信国际经济研究院-2025年下半年宏观策略报告：变局深化，相机而行-250701,,,,,,,3,2025-07-31 10:06:08,宏观经济,2025-07-03
本月热门,东吴证券-上纬新材-688585-环保树脂领军者，智元系入主谱写具身智能成长新篇章-250712,,,增持（首次）,,,,3,2025-07-31 10:06:08,公司调研,2025-07-12
本月热门,国投证券-儒竞科技-301525-热泵控制器领导者，新能车热管理及自动化构筑新增长曲线-250710,,,买入-A（首次）,,,,3,2025-07-31 10:06:08,公司调研,2025-07-10
本月热门,华鑫证券-中际旭创-300308-公司事件点评报告：毛利率逐季度提升，进一步扩产海外产能-250721,,,买入（上调）,,,,3,2025-07-31 10:06:08,公司调研,2025-07-21
本月热门,华西证券-建筑材料行业：中国雅江集团成立，重点关注岩土工程、民爆板块投资机会-250720,,,推荐,,,,3,2025-07-31 10:06:08,行业分析,2025-07-20
本月热门,天风证券-锐捷网络-301165-AI时代的网络先锋-250704,,,增持（首次）,,,,3,2025-07-31 10:06:08,公司调研,2025-07-04
本月热门,国信证券-通信行业·卫星互联网专题四：民营火箭亟待突破，手机直连与激光通信未来可期-250714,,,优于大市,,,,3,2025-07-31 10:06:08,行业分析,2025-07-14
本月热门,天风证券-科学仪器行业深度：雄关漫道真如铁，自主可控势如潮-250711,,,强于大市,,,,3,2025-07-31 10:06:08,行业分析,2025-07-11
本月热门,华龙证券-通信行业2025年中期策略报告：高端光模块放量在即，卫星互联网蓬勃兴起-250707,,,推荐,,,,3,2025-07-31 10:06:08,行业分析,2025-07-07
本月热门,国金证券-太辰光-300570-光连接器件领军，CPO交换机核心标的-250701,,,买入（首次）,,,,3,2025-07-31 10:06:08,公司调研,2025-07-01
本月热门,华金证券-医疗器械和中药行业板块2025年中期投资策略：关注业绩拐点与行业结构性机遇-250712,,,领先大市,,,,3,2025-07-31 10:06:08,行业分析,2025-07-13
本月热门,开源证券-基础化工行业“反内卷”系列报告（一）：BOPET膜，性能优良、国内产需高增，行业自律有望助力格局优化、盈利改善-250709,,,看好,,,,3,2025-07-31 10:06:08,行业分析,2025-07-09
本月热门,东方证券-货币变局下的国家治理比较：稳定币，在国际货币体系裂痕中开花-250710,,,,,,,3,2025-07-31 10:06:08,宏观经济,2025-07-11
本月热门,慧博智能投研-慧博研报炼金之研报头条精华：雅鲁藏布江下游水电工程解读，时间的玫瑰，宏观思维看超大工程-250722,,,,,,,3,2025-07-31 10:06:08,投资策略,2025-07-22
本月热门,开源证券-广信科技-920037-北交所首次覆盖报告：特高压绝缘材料领军者，掘金国产替代+新能源高成长-250703,,,增持（首次）,,,,3,2025-07-31 10:06:08,公司调研,2025-07-03
本月热门,东吴证券-小商品城-600415-2025中报预增点评：扣非净利润同增13.5%~18.4%，全球数贸中心招商超预期-250701,,,买入,,,,3,2025-07-31 10:06:08,公司调研,2025-07-01
行业分析,世界政府峰会-医疗健康行业：向基于价值的护理过渡（英译中）-250731,当今世界各国政府的最大优先事项之一是如何为公民和居民提供有效、高效的医疗保健。随着人口增长和快速老龄化，非传染性疾病（NCDs）的负担不断加重，而护理成本的上升远远超过了GDP...,林娜·沙迪，阿明德·费亚兹，理查德·詹金斯,,69,2025-07-31,天**育,1,2025-07-31 10:06:11,,
行业分析,世界政府峰会-人工智能行业治理的未来：阿联酋宪章和全球视野（英译中）-250731,"KPMG可信赖人工智能框架
　　随着人工智能日益成为关键决策和日常运营的有机组成部分，普华永道开发了其可信人工智能框架，以帮助组织应对这一不断变化的格局。该框架为人工智能生命周...",埃米利奥·佩拉，罗伯特·普塔辛斯基，马廷·朱兹达尼,,62,2025-07-31,国信***阳,1,2025-07-31 10:06:11,,
行业分析,国信证券-中国居民财富搬家路线图暨非银金融行业投资机会：存款潮涌，逐险而行-250731,"核心观点摘要
　　存款搬家如同财富的“活水”，有利于增量资金涌入风险资产。存款利率中枢持续下降，代表性全社会无风险利率下行，促进风险资产尤其是高股息资产估值企稳，实现包括银行理...",孔祥，王德坤，王京灵,优于大市,48,2025-07-31,aoz****fu,1,2025-07-31 10:06:11,,
行业分析,国信证券-氟化工行业：2025年7月月度观察，主流制冷剂价格持续上涨，8月空调排产预期上调-250731,"核心观点
　　 7月氟化工行情回顾：截至7月末，上证综指报3615.72点，较6月末上涨4.97%；沪深300指数报4151.24点，较6月末上涨5.47%；申万化工指数报38...",杨林，张歆钰,优于大市,25,2025-07-31,lil****in,1,2025-07-31 10:06:11,,
行业分析,华宝证券-银行业理财周度跟踪：理财市场半年报出炉，债市调整致理财收益普降-250731,监管和行业动态：7月25日，银行业理财登记托管中心发布《中国银行业理财市场半年报告（2025年上）》。1、理财公司产品存续规模增长显著。6月末，银行理财市场存续规模为30.67...,蔡梦苑，周佳卉,,7,2025-07-31,117****00,1,2025-07-31 10:06:11,,
行业分析,江海证券-电网设备行业：三星医疗首获北美订单，重视智能电表出海产业链-250731,"事件：
　　7月31日，根据三星医疗公告，公司下属控股墨西哥子公司NansenInstrumentos de Precision de Mexico（以下简称“南森墨西哥”）中...",张诗瑶,增持,3,2025-07-31,nkw****el,1,2025-07-31 10:06:11,,
行业分析,山西证券-农业行业周报：建议关注饲料的回升周期和养殖的边际改善-250731,本周（7月21日-7月27日）沪深300指数涨跌幅为+1.69%，农林牧渔板块涨跌幅为+3.62%，板块排名第9，子行业中其他种植业、生猪养殖、肉鸡养殖、畜禽饲料、种子表现位居...,陈振志，张彦博,同步大市-A,19,2025-07-31,加**叮,1,2025-07-31 10:06:11,,
行业分析,东方证券-公用事业行业动态跟踪：海外云厂商CAPEX上修，数据中心电源需求激活-250731,"核心观点
　　海外CSP上修CAPEX预期，数据中心投建景气度上行。海外数据中心相关CAPEX自24H1以来维系高增，且持续上修后续预期。2025Q2微软、谷歌、meta的CA...",严东,看好,4,2025-07-31,120****49,1,2025-07-31 10:06:11,,
行业分析,光大证券-基础化工行业石化化工反内卷稳增长系列之十一：磷化工，磷铵整体开工率偏低，头部企业资源充足盈利可观-250731,事件：7月18日，国务院新闻办公室举行新闻发布会，介绍2025年上半年工业和信息化发展情况。工业和信息化部总工程师谢少锋表示，将实施新一轮钢铁、有色金属、石化、建材等十大重点行...,赵乃迪，周家诺，王礼沫,增持,4,2025-07-31,eps****fo,1,2025-07-31 10:06:11,,
行业分析,开源证券-通信行业点评报告：Meta再次上调资本支出指引，微软云业务表现亮眼，海外AI正循环效果显著-250731,"Meta Q2业绩超预期，上调全年资本支出下限
　　2025年7月31日，Meta公布第二季度财报，公司2025Q2实现营收475.2亿美元，高于预期的448.3亿美元，公司预...",蒋颖,看好,3,2025-07-31,han****30,1,2025-07-31 10:06:11,,
行业分析,联储证券-有色金属行业：关税纠偏后，铜价的可能走向-250731,"投资要点：
　　2025年7月30日，美国总统特朗普签署公告，从8月1日起将对进口的铜半成品和铜含量高的衍生品统一征收50%的关税。当日COMEX铜期货收盘价大幅下跌17.88...",李纵横,中性（下调）,3,2025-07-31,chiu******eng,1,2025-07-31 10:06:11,,
行业分析,东莞证券-汽车行业车载激光雷达专题报告：成本下行叠加智驾升级，激光雷达需求有望爆发-250731,"投资要点：
　　激光雷达是自动驾驶的核心传感器之一，在性能、防干扰和信息量方面优势明显。相比于摄像头，激光雷达受黑夜、雨水、阳光直射等环境光线变化影响小，且无需深度算法学习。相...",刘梦麟,超配,26,2025-07-31,zyz****43,1,2025-07-31 10:06:11,,
行业分析,华西证券-有色金属行业~海外季报：Pilbara Minerals 2025Q2锂精矿产量环比增长77%至22.13万吨，2026财年锂精矿产量预计为82万吨至87万吨-250731,"季报重点内容:
　　2025Q2生产经营情况
　　1、锂精矿
　　2025Q2，锂精矿产量达22.13万吨，环比增长77%，同比减少2%，反映了Pilgan工厂于2025Q1完...",晏溶,推荐,6,2025-07-31,abo****27,1,2025-07-31 10:06:11,,
行业分析,东吴证券-专用设备行业点评报告：头部厂商公布固态电池时间线指引，设备商有望率先受益-250731,"投资要点
　　事件：7月30日宁德中报业绩交流会上提及固态电池科学问题得到了解决&目前是工程问题，真正目标是瞄准量产化商业化产品去做，目前进展还不错，产品化已在推进，商业化要考...",周尔双，李文意,增持,2,2025-07-31,peng******983,1,2025-07-31 10:06:11,,
行业分析,万联证券-电子行业跟踪报告：2025Q2基金加大算力配置，AIPCB为重点关注方向-250731,"行业核心观点：
　　SW电子2025Q2基金重仓比例、超配比例环比上升。适配比例方面，SW电子行业2025年Q2适配比例为8.95%，环比-0.14pct，同比+0.89pct...",夏清莹，陈达,强于大市,10,2025-07-31,di***2,1,2025-07-31 10:06:11,,
行业分析,万联证券-电力设备行业跟踪报告：电力设备出口，开关、电缆市场表现稳定，变压器出口持续高增长-250731,核心观点：2025年7月20日，海关总署发布2025年6月电力设备出口数据。2025年6月，电力设备出口表现稳定，6月合计出口金额为78.96亿元，环比增长10.55%，同比增...,蔡梓林,强于大市,10,2025-07-31,jo***w,1,2025-07-31 10:06:11,,
行业分析,金元证券-计算机行业月报：7月市场数据及重点事件分析-250729,7月A股市场整体环境表现较佳，截至7月29日申万计算机行业指数月涨幅为5.13%，排名申万31个行业第17位，跑输沪深300指数0.36个百分点，这一结果与我们上期报告判断相吻...,周强,增持,26,2025-07-31,Liu****88,1,2025-07-31 10:06:11,,
行业分析,万联证券-电子行业跟踪报告：2025Q2基金加大算力配置，AI PCB为重点关注方向-250731,"行业核心观点：
　　SW电子2025Q2基金重仓比例、超配比例环比上升。适配比例方面，SW电子行业2025年Q2适配比例为8.95%，环比-0.14pct，同比+0.89pct...",夏清莹，陈达,强于大市,10,2025-07-31,dase******318,1,2025-07-31 10:06:11,,
行业分析,东莞证券-复合集流体行业深度报告：新型锂电材料，产业化有望提速-250731,"投资要点：
　　复合集流体是锂电池新型材料之一。复合集流体不同于传统锂电池集流体使用纯铜箔/纯铝箔，而是采用“金属-高分子基材-金属”的三明治结构。复合铜箔是新型负极集流体材料...",黄秀瑜,超配,17,2025-07-31,rai****st,1,2025-07-31 10:06:11,,
行业分析,腾讯研究院-短视频行业平台“新闻达人”洞察报告：“轻骑兵”挺进主战场-250731,"短视频时代的媒介重构与“新闻达人”突围
　　新闻传播形态的演变始终与媒介技术的发展紧密耦合，从印刷媒介时代的报刊，到电子媒介主导的广播与电视，再到数字媒介环境下的互联网，每一次...",刘金松，张鸿茹，陈雪珂,,60,2025-07-31,cher******119,1,2025-07-31 10:06:11,,
行业分析,移动支付网-非银金融行业：2025全球稳定币产业发展报告-250731,"核心定义
　　稳定币（Stablecoin）是一种锚定真实资产（如法定货币、黄金或一篮子资产）的加密货币，旨在通过特定机制维持价格相对稳定。其核心目标是解决传统加密货币（如比特...",,,63,2025-07-31,hap****ne,2,2025-07-31 10:06:13,,
行业分析,联合资信-2025年上半年电力行业信用风险总结及展望-250731,"电力行业运行概况
　　2024年，全社会用电量9.85万亿千瓦时，同比增长6.8%，主要系“两新”政策等一揽子增量政策措施作用下，国民经济运行总体平稳，支撑电力消费较快增长所致...",,,9,2025-07-31,kup****26,2,2025-07-31 10:06:13,,
行业分析,天风证券-养殖行业：生猪高质量发展大会召开，哪些重点信号？-250731,事件：7月23日，农业部召集部分生猪养殖、饲料、屠宰企业，召开推动高质量发展座谈会，会议强调要严格落实产能调控举措，适当调减能繁母猪存栏，减少二次育肥，控制肥猪出栏体重，严控新...,吴立，陈潇，黄建霖,强于大市,2,2025-07-31,ll***2,2,2025-07-31 10:06:13,,
行业分析,东吴证券-水固气行业深度：拨云见日，现真金-250730,"核心要点
　　垃圾发电——提分红空间3倍！+供热成长加速落地中，攻守兼备！
　　最好的现金流资产！分红大增且电价稳定，特许经营保证收益可持续，供热+idc盈利弹性翻倍。
　　成...",袁理，陈孜文，谷玥,,156,2025-07-31,shi****43,2,2025-07-31 10:06:13,,
行业分析,长城证券-通信行业周报：国内机器人产业加速拓展，Al Agent持续演进，持续看好相关产业投资机会-250731,"本周策略观点：
　　1.人形机器人订单加速落地，宇树科技启动IPO辅导，国内机器人产业加速拓展。近期，国内人形机器人产业加速拓展，我们综合总结为三方向。第一，头部机器人企业订单...",侯宾，姚久花,强于大市,22,2025-07-31,yul****23,2,2025-07-31 10:06:13,,
行业分析,华西证券-有色金属行业~海外季报：Greenbushes锂矿2025Q2产销量分别同比增长2%、减少22%至34万吨/41.2万吨，2025Q2单位现金生产成本同比增长8%至366澳元吨-250731,"季报重点内容:
　　锂业务
　　1、Greenbushes锂矿（100%基础）2025Q2锂精矿生产量为34万吨，环比基本持平，同比增长2%。异常强降雨暂时限制了进入高品位矿区...",晏溶,推荐,8,2025-07-31,徐**博,2,2025-07-31 10:06:13,,
行业分析,开源证券-通信行业点评报告：Vertiv和Celestica上调指引，液冷按下提速键-250731,"液冷企业Vertiv上调业绩指引，订单规模持续提升
　　2025年7月30日，维谛公布第二季度财报，公司2025Q2实现营收26.38亿美元，超出此前23.5亿美元指引，同比增...",蒋颖,看好,3,2025-07-31,q1e3******5y6,2,2025-07-31 10:06:13,,
行业分析,华福证券-电力设备行业海风专题报告：深远海海上风电已经启航-250731,"投资要点
　　推动海洋经济高质量发展，海上风电担当重任。国家推动海洋经济高质量发展，顶层设计和配套政策预计将逐步落地；做强做优做大海洋产业，海上风电排在首位，凸显了海风在海洋产...",邓伟，万伟,强于大市,24,2025-07-31,用**歌,2,2025-07-31 10:06:13,,
行业分析,东莞证券-工程机械行业2025年中期投资策略：内销筑底回升，出口韧性延续-250731,工程机械板块基本面回顾。截至2025年6月30日，SW工程机械板块2025H1区间涨幅为12.29%，跑输SW机械设备指数5.17pct，跑赢沪深300指数8.97pct。工程...,谢少威,标配,17,2025-07-31,zz***a,2,2025-07-31 10:06:13,,
行业分析,万联证券-2025年中期锂电行业投资策略报告：行业盈利边际修复，固态电池突破加速-250731,2025年，在以旧换新等消费激励政策驱动下，我国新能源汽车产销量高速增长，叠加全球储能装机增势稳定，锂电产业链需求持续提升，盈利水平显著修复，龙头公司竞争优势增强。展望后市，锂...,蔡梓林,强于大市,44,2025-07-31,xian******360,2,2025-07-31 10:06:13,,
行业分析,华西证券-计算机行业：从Figma IPO看AI应用产业机遇-250730,"核心观点
　　Figma:在线设计软件新星
　　Figma是美国在线设计软件明星公司，面向轻量化创意设计场景；
　　业绩高增：公司收入增速约50%，Net Dollar Rec...",刘泽晶,,27,2025-07-31,chih******eng,2,2025-07-31 10:06:13,,
行业分析,国投证券-电子行业深度分析：被动散热材料持续迭代，液冷成为主动散热新增长点-250731,"热流围城，云端与终端散热亟待破局
　　随着5G、AI及IoT等技术普及，电子设备功率密度激增，芯片功率从数瓦跃升至1000W，制程也在不断微缩，二者共同推动热流密度不断上升，接...",马良,领先大市-A,48,2025-07-31,a**s,2,2025-07-31 10:06:13,,
行业分析,华西证券-有色金属行业~海外季报：MIN 2025Q2锂精矿权益产量环比增长8%至14.4万吨，权益锂精矿出货量环比增长6%至13.5万吨-250731,"季报重点内容:
　　锂矿
　　1）整体
　　2025Q2，公司权益锂精矿总产量为14.4万吨，环比增长8%。
　　2025Q2，公司权益锂精矿总出货量为13.5万吨，环比增长6...",晏溶,推荐,7,2025-07-31,huan******lla,2,2025-07-31 10:06:13,,
行业分析,华西证券-有色金属行业~海外季报：Kathleen Valley矿山2025Q2锂精矿产销量分别环比减少10%/增长4%至8.59万吨/9.73万吨，已售锂精矿的单位运营成本（FOB）环比增长31%至576美元/吨-250731,"季报重点内容:
　　2025Q2生产经营情况
　　2025Q2，公司锂精矿产量为85,892吨，环比2025Q1的95,709吨减少10%。自2024年7月生产开始以来，总产量...",晏溶,推荐,5,2025-07-31,ka***2,2,2025-07-31 10:06:13,,
行业分析,华西证券-有色金属行业~海外季报：NAL项目2025Q2锂精矿产量/销量环比增长35%/148%至5.85万吨/6.7万吨，单位生产运营成本（离岸价）环比下降11%至737美元/吨-250731,"季报重点内容:
　　北美锂业NAL项目生产运营情况
　　1）产量
　　2025Q2，矿石开采量为361,883湿吨，环比增长12%，原因是矿山运营专注于矿石生产，以确保对磨机的...",晏溶,推荐,6,2025-07-31,a92****22,2,2025-07-31 10:06:13,,
行业分析,ninjavan-电商行业：社交电商热潮的背后（英译中）-250731,"什么是社交电商？
　　这些的流行先社会，后商业我们在东南亚地区的平台发展取决于我们在这里独特的社交平台使用方式。
　　理想的社会商务体验使整个购物旅程能在社交环境中展开。
　　...",,,36,2025-07-31,vo***l,2,2025-07-31 10:06:13,,
行业分析,亿欧智库-Al for医疗健康行业系列报告“智”愈未来：2025 AI科技勾勒医疗未来蓝图-250731,"Al for医疗健康产品覆盖场景日益多元，获证产品数量稳步增长
　　颅内/头颈、冠脉以及肺部的人工智能医学软件产品的研发和认证较为活跃。截至2025年7月，三类证在颅内头颈、治...",王思晗,,29,2025-07-31,wang******963,2,2025-07-31 10:06:13,,
行业分析,深企投产业研究院-中国潮玩经济行业研究：Labubu狂飙带动中国潮玩市场千亿级跃迁-250731,近年来，卡牌、谷子、娃娃等形态各异的潮流玩具，已然成为年轻消费群体追捧的新焦点。伴随着中国泛娱乐产业的蓬勃发展，以及互联网与社交媒体的深度渗透，潮玩不再局限于小众圈层，而是借助...,叶林轩,,48,2025-07-31,ir***l,2,2025-07-31 10:06:13,,
行业分析,中汽中心-汽车行业零碳工厂建设调研报告-250731,"本报告聚焦汽车行业零碳工厂建设，调研了政策、产业、企业现状及典型案例，研究发现:
　　1．汽车行业具备打造“零碳工厂”示范的条件:多家汽车企业已开展零碳工厂打造工作，且“运营边...",周亚南，崔梓凝，张廷,,42,2025-07-31,zen****xt,2,2025-07-31 10:06:13,,
行业分析,世邦魏理仕-2025中国物业行业投资市场年中回顾与展望-250731,"物业投资市场回顾和展望
　　核心观点
　　上半年全国大宗物业投资交易额同比上涨19%，但交易宗数下跌29%
　　机构型买家看好消费和居住领域资产，上半年零售物业与租赁住宅交易额...",谢晨，胡优优，吴祎仪,,6,2025-07-31,supe******112,2,2025-07-31 10:06:13,,
行业分析,申港证券-证券行业周报：上周板块内个股全面上涨-250730,"每周一谈:
　　2025年1-6月份全国规模以上工业企业利润下降1.8%
　　1-6月份，全国规模以上工业企业实现利润总额34365.0亿元，同比下降1.8%。1-6月份，规模...",徐广福,增持,7,2025-07-31,x**j,3,2025-07-31 10:06:14,,
行业分析,国信证券-光储行业研究专题：储能行业运行总结，新兴市场发展可期-250731,"核心观点
　　 2025年上半年储能行业需求保持高速增长。2025上半年由于国内市场“抢装”及美国市场抢运，国内储能系统、储能电池出货均实现高速增长，根据GGII数据，国内储能...",王蔚祺，李恒源，徐文辉,优于大市,21,2025-07-31,yp***3,3,2025-07-31 10:06:14,,
行业分析,来觅研究院-人形机器人行业：人形机器人技术多点突破，量产订单双提速-250731,"导读：2025年7月26日，以""智能时代同球共济""为主题的2025世界人工智能大会暨人工智能全球治理高级别会议（WAIC 2025）在上海世博展览馆开幕。其中，人形机器人备受瞩...",,,6,2025-07-31,Bum****ee,3,2025-07-31 10:06:14,,
行业分析,光大证券-电力设备新能源行业欧洲海风系列报告（一）：多国政策边际改善，欧洲海风景气持续向上-250730,"受益于战略地位提高、项目成本降低、政策驱动等，欧洲海风建设迎来加速。
　　根据WindEurope，2024年欧洲海风新增装机量为2.6GW，预计2030年将达到11.8GW，...",殷中枢，郝骞，邓怡亮,买入,2,2025-07-31,思无***9,3,2025-07-31 10:06:14,,
行业分析,光大证券-石油化工行业四大石化化工央企集团2025年中工作会议点评：持续深化改革发展新质生产力，紧抓能源安全保障-250730,"事件：
　　7月25日，中国石油集团2025年年中工作会议在京召开。7月28日，中国石化2025年中工作会议在京召开。7月22日，中国海油2025年领导干部会议在京召开。7月2...",赵乃迪，蔡嘉豪，王礼沫,增持,5,2025-07-31,fre****er,3,2025-07-31 10:06:14,,
行业分析,华鑫证券-农林牧渔行业周报：生猪反内卷限产能+环保会持续演绎，宠物高增户外平稳-250730,"投资要点
　　①生猪养殖
　　商品猪出栏价预计Q3中高位、Q4回落，整体仍盈利，此波盈利周期预计持续到明年更久。
　　6月以来的价格上走，验证了去年12月到今年2月的仔猪腹泻略...",娄倩,推荐,19,2025-07-31,sh***h,3,2025-07-31 10:06:14,,
行业分析,开源证券-银行行业深度报告：险资增配动因与PB~ROE估值曲线演变“新范式”-250730,"增量险资持续配置银行股，FVOCI股票投资及长股试点均有增配空间
　　本轮银行股持续上涨行情源于资金面驱动，市场关注险资增配银行股的原因及空间。当前保险资金配置银行股主要有两种...",刘呈祥，丁黄石,看好,45,2025-07-31,guo****ia,3,2025-07-31 10:06:14,,
行业分析,光大证券-建筑建材及新兴产业行业：基础设施公募REITs估值跟踪-250730,2025年7月30日，中证REITs全收益指数环比上升0.31%，收于1092.9；市场总成交金额环比上升9.6%，为7.07亿元；换手率为0.77%，环比上升0.08pct；...,孙伟风，吴钰洁,,1,2025-07-31,爱**涛,3,2025-07-31 10:06:14,,
行业分析,东方证券-传媒行业AI产业研究系列（二）字节跳动AI应用篇：字节AI应用流量领先，下半年看好垂类应用变现提速-250730,"核心观点
　　 ToC端字节AI应用布局全面，Chatbot豆包或为国内最大的AINative应用。字节在AI应用各垂类如Chatbot、教育、图像视频、情感陪伴等均有产品上线...",项雯倩，李雨琪，金沐阳,看好,21,2025-07-31,鬼谷***x,3,2025-07-31 10:06:14,,
行业分析,国联民生证券-石油石化行业深度研究：大化工“反内卷”的八大细分机会-250730,2024年7月30日，中共中央政治局召开会议首次提出防止“内卷式”恶性竞争。2025年7月1日，中央财经委员会第六次会议强调，依法依规治理企业低价无序竞争，引导企业提升产品品质...,许隽逸，张玮航，陈律楼,强于大市,36,2025-07-30,zl***h,3,2025-07-31 10:06:14,,
行业分析,东方证券-食品饮料行业：生育政策出台，国产高端奶粉品牌或为主要受益者-250730,"核心观点
　　生育政策对出生率有正面影响，挖掘下沉市场消费潜力。7月28日，中央政府正式发布《育儿补贴制度实施方案》，自2025年1月1日起，对合法生育的3周岁以下婴幼儿发放每...",叶书怀，姚晔，燕斯娴,看好,3,2025-07-30,风格和****等和,3,2025-07-31 10:06:14,,
行业分析,民生证券-锂行业动态报告：供应端干扰加剧，周期底部夯实-250730,锂价回顾：周期底部，“反内卷”背景下江西青海矿权扰动带动锂价强势反弹。6月末起，头部企业接货预期逐渐兑现，现货升水结构下，仓单问题持续扰动。同时矿石价格跟随锂盐价格的抬涨而迅速...,邱祖学,推荐,18,2025-07-30,Al***6,3,2025-07-31 10:06:14,,
行业分析,国信证券-建筑建材行业双周报（2025年第13期）：把握“基建回暖”与“反内卷”两条主线-250730,"核心观点
　　把握“基建回暖”与“反内卷”两条主线。近期在“雅下水电”和“反内卷”共同催化下，建筑建材板块超额收益明显。7月18日国新办新闻发布会工信部表示，新一轮钢铁、有色、...",任鹤，陈颖，朱家琪,优于大市,15,2025-07-30,wl***e,3,2025-07-31 10:06:14,,
行业分析,华西证券-计算机行业：中国香港稳定币监管制度核心要点-250730,"事件概述:
　　2025年7月29日，为配合8月1日正式实施的稳定币发行人监管制度，中国香港金融管理局举办技术简报会，发布发牌制度摘要等系列监管文件，明确稳定币发行人牌照申请要...",,推荐,5,2025-07-30,tel****su,3,2025-07-31 10:06:14,,
行业分析,太平洋证券-房地产行业日报：杭州土拍3宗地块收金50.35亿元-250729,"市场行情：
　　2025年7月29日，今日权益市场各版块多数上涨，上证综指和深证综指分别上涨0.33%和0.46%，沪深300和中证500分别上涨0.39%和0.52%。申万房...",徐超，戴梓涵,中性,4,2025-07-30,cxcx******123,3,2025-07-31 10:06:14,,
行业分析,太平洋证券-医药行业日报：礼来替尔泊肽在华获批新适应症，治疗2型糖尿病-250729,"报告摘要
　　市场表现：
　　2025年7月29日，医药板块涨跌幅+1.47%，跑赢沪深300指数1.26pct，涨跌幅居申万31个子行业第3名。各医药子行业中，医疗研发外包(...",周豫，张崴,看好,3,2025-07-30,tan****28,3,2025-07-31 10:06:14,,
行业分析,华西证券-有色金属行业~海外季报：南方铜业2025Q2矿产铜产量同比增加1.4%至23.90万吨，单位运营现金成本同比下降17.0%至0.63美元/磅-250730,"季报重点内容:
　　生产经营情况
　　1.铜
　　2025Q2矿产铜产量为23.90万吨，同比增加1.4%，环比减少0.5%。季度业绩反映了墨西哥产量下降2.5%，原因是Bue...",晏溶,推荐,5,2025-07-30,yxy****ol,3,2025-07-31 10:06:14,,
行业分析,光大证券-石化化工行业反内卷稳增长系列之十：煤化工，结构性调整与产业升级并行，供需有望持续优化-250730,"一、“反内卷”行动全面开启，供给侧改革进行时
　　2024年以来，中共中央针对“反内卷”频繁发声。（1）2024年7月30日，中共中央政治局召开会议，会议指出强化市场优胜劣汰机...",赵乃迪，蔡嘉豪，王礼沫,增持,3,2025-07-30,qj2****85,3,2025-07-31 10:06:14,,
行业分析,麦肯锡-电动汽车行业未来交通中心：电动汽车转型新动向，从消费者角度（英译中）-250730,"我们的年度流动性调查探讨了消费者优先事项和期望如何塑造主要市场的电动汽车转型。
　　汽车行业正经历自汽车开始取代马车以来最大的变革。电动汽车（EV）持续获得市场份额，汽车正变得...",帕特里克·赫兹克，帕特里克·沙夫乌斯，蒂莫·默勒,,17,2025-07-30,dd***y,3,2025-07-31 10:06:14,,
行业分析,西南证券-交运行业2025年中期投资策略：商品牛市初现，反内卷关注上游供应链-250730,"核心观点
　　截至2025年7月28日，沪深300报收4135.82，比年初上涨5.1%，中信交运指数跑输沪深300，报收2061.14，比年初上涨1.1%，涨跌幅居于全行业2...",胡光怿，杨蕊,,23,2025-07-30,蓝冰***4,3,2025-07-31 10:06:14,,
投资策略,东莞证券-北交所7月份定期报告：上半年供给提质，北交所静待新催化-250731,"核心观点：
　　2025年7月，北交所整体呈现“高估值+低活跃度”的震荡格局。截至2025年7月30日，北证50指数7月下跌了0.52%，明显弱于同期沪深主板及中证500等指数...",李紫忆，吕子炜,,14,2025-07-31,jin****ng,1,2025-07-31 10:06:17,,
投资策略,国信证券-ESG产品月报（2025.8）：权益类ESG产品业绩亮眼-250731,"核心观点
　　ESG产品概况：ESG公募基金产品情况：新发数量波动显著，2024年11月、2025年1月及3月达高峰，2025年2月及7月骤降；近两年整体规模增长但分化明显，E...",王开，陈凯畅,,24,2025-07-31,1390******672,1,2025-07-31 10:06:17,,
投资策略,粤开证券-粤开市场日报-250731,"今日关注
　　今日主要指数涨跌幅：沪指涨跌幅为-1.18%，深证成指涨跌幅为-1.73%，创业板指涨跌幅为-1.66%。
　　申万一级行业表现：计算机、通信、综合在行业涨跌幅榜...",孟之绪,,5,2025-07-31,mbh****pc,1,2025-07-31 10:06:17,,
投资策略,国元证券-7月政治局会议学习体会：持续加力，落实落细，奋力实现圆满收官-250731,"事件
　　新华社北京7月30日电中共中央政治局7月30日召开会议，决定今年10月在北京召开中国共产党第二十届中央委员会第四次全体会议，主要议程是，中共中央政治局向中央委员会报告...",汤静文，朱定豪,,12,2025-07-31,huan******eng,1,2025-07-31 10:06:17,,
投资策略,慧博智能投研-慧博研报炼金之研报头条精华：7月政治局会议解读，财政“ 蓄水池” 成为下半程的关键-250731,"国际——7月政治局会议解读：财政“蓄水池”成为下半程的关键
　　（一）事件
　　中共中央政治局7月30日召开会议，决定今年10月在北京召开中国共产党第二十届中央委员会第四次全体...",慧博智能投研,,17,2025-07-31,慧博,1,2025-07-31 10:06:17,,
投资策略,财通证券-政策点评：中共中央政治局会议点评——聚焦结构性改革-250731,"核心观点
　　中共中央政治局7月30日召开会议：会议决定今年10月在北京召开二十届四中全会，重点研究制定国民经济和“十五五”规划的相关建议。会议肯定了上半年经济稳中有进，但也指...",窦子豪，张尤,,2,2025-07-31,卢***,1,2025-07-31 10:06:17,,
投资策略,国金证券-政策与战略专题报告：量子科技系列二，掘金量子计算，解码D~WAVE商业化之路-250730,"基本内容
　　1、量子计算：产业迎关键拐点，从实验室研发向专用量子计算机应用过渡
　　随着量子纠错技术的持续优化和生态体系的不断完善，量子计算有望迎来规模化应用的黄金期。市场规...",夏昌盛，樊志远，杨佳妮,,17,2025-07-31,ls***1,1,2025-07-31 10:06:17,,
投资策略,东莞证券-7月中央政治局会议点评：定调偏积极，市场有望在震荡整固中夯实上行基础-250731,"事件：
　　中共中央政治局7月30日召开会议，决定今年10月在北京召开中国共产党第二十届中央委员会第四次全体会议，主要议程是，中共中央政治局向中央委员会报告工作，研究关于制定国...",费小平，尹炜祺,,6,2025-07-31,252****74,1,2025-07-31 10:06:17,,
投资策略,万联证券-策略跟踪报告：基金股票配置仓位继续提升-250731,"投资要点：
　　2025年二季度股票型及混合型净值高位回落：截至6月30日，市场基金总体净值提升至33.65万亿元。其中，股票型和混合型基金净值合计占全部基金净值的22.28%...",宫慧菁,,11,2025-07-31,丽江***游,1,2025-07-31 10:06:17,,
投资策略,万联证券-策略快评报告：经济运行稳中有进，高质量发展取得新成效-250731,"投资要点：
　　7月30日，中共中央政治局召开会议，决定10月召开二十届四中全会，研究关于制定国民经济和社会发展第十五个五年规划的建议。此次政治局会议还分析研究当前经济形势，并...",徐飞，宫慧菁,,3,2025-07-31,yuan******gyu,1,2025-07-31 10:06:17,,
投资策略,美银-反通胀：一项结构性改革，而非简单的短期解决之道（英译中）-250724,"可能是一个3-5年的任务，管理好你的期望
　　反倾销已成为2024年7月的一项政策优先事项，初期重点是少数行业的自律。在过去几个月中，它受到了关注，习总书记承诺遏制“低价竞争”...",吴婉妮，Willie Chan，李明轩,,40,2025-07-31,lw***y,1,2025-07-31 10:06:17,,
投资策略,东兴证券-A股点评报告：稳步向好趋势不改-250731,"观点：
　　政治局会议总体判断相对乐观。会议指出，“我国经济运行稳中有进，高质量发展取得新成效。主要经济指标表现良好，新质生产力积极发展，改革开放不断深化，重点领域风险有力有效...",林阳,,3,2025-07-31,hap****ng,1,2025-07-31 10:06:17,,
投资策略,东莞证券-北交所专题报告：生猪养殖困境反转-250731,"投资要点：
　　政策推动产能加速去化。当前仍处于猪周期的去化阶段，短期内行业产能调整和供应收缩仍将持续。能繁母猪存栏量高位回落，2025年6月全国能繁母猪存栏量为4043万头，...",吕子炜,,14,2025-07-31,zsy****ao,1,2025-07-31 10:06:17,,
投资策略,财通证券-7月政治局会议解读：政策保持克制-250731,"核心观点
　　事件：中共中央政治局7月30日召开会议，决定今年10月在北京召开中国共产党第二十届中央委员会第四次全体会议，分析研究当前经济形势，部署下半年经济工作。
　　政策保...",张伟,,7,2025-07-31,mir****ng,1,2025-07-31 10:06:17,,
投资策略,华福证券-策略点评报告：解读7月中央政治局会议的战略擘画与投资机会，深谋远虑稳中求进-250731,"投资要点：
　　事件：7月30日，中共中央政治局召开会议，决定今年10月在北京召开中国共产党第二十届中央委员会第四次全体会议，主要议程是，中共中央政治局向中央委员会报告工作，研...",任志强，朱斌,,6,2025-07-31,qi***i,1,2025-07-31 10:06:17,,
投资策略,长城证券-2025年7月政治局会议学习心得：稳中求进与保持定力-250731,政治局会议7月30日召开。本次会议决定10月召开二十届四中全会，锚定“十五五”关键奠基期，以“定力筑基、精准协同、内生驱动、制度突围”为总纲。工作下一阶段的工作总基调为“稳中求...,汪毅，王小琳，王正洁,,4,2025-07-31,erb****le,1,2025-07-31 10:06:17,,
投资策略,华安证券-7月30日中央政治局会议点评：无近忧，深远虑-250730,"重要会议
　　7月30日，中共中央政治局召开会议，决定今年10月在北京召开中国共产党第二十届中央委员会第四次全体会议，主要议程是，中共中央政治局向中央委员会报告工作，研究关于制...",郑小霞，张运智,,3,2025-07-31,ba***n,1,2025-07-31 10:06:17,,
投资策略,太平洋证券-策略日报：甩轿-250730,"大类资产跟踪
　　利率债上涨。在海外不确定性较高以及短期涨幅较大的背景下，今日行情以股涨债跌展开，但目前中美谈判有序推进，稳增长反内卷的政策逐步落地，上涨的基础没有改变，且交易...",张冬冬，徐梓铭,,14,2025-07-30,cla****11,1,2025-07-31 10:06:17,,
投资策略,华金证券-事件点评：继续强调反内卷，A股慢牛趋势不变-250730,"投资要点
　　总体定调：对上半年经济运行表述较积极，下半年政策发力空间仍较充裕。（1）会议对上半年经济运行表述较积极：会议表示，今年以来我国经济运行稳中有进，主要经济指标表现良...",邓利军,,7,2025-07-30,jul****su,1,2025-07-31 10:06:17,,
投资策略,财信证券-7月份中共中央政治局会议精神学习：稳中求进，巩固拓展经济回升向好势头-250730,"事件：根据新华社消息，中共中央政治局7月30日召开会议，分析研究当前经济形势，部署下半年经济工作。
　　稳中求进，巩固拓展经济回升向好势头：一是经济形势方面，会议认为主要经济指...",袁闯，黄红卫,,7,2025-07-30,chu****er,1,2025-07-31 10:06:17,,
投资策略,天风证券-7月30日政治局会议学习：识变应变求变迎接十五五-250730,中美第三轮会谈后，政治局会议召开。中共中央政治局7月30日召开会议，分析研究当前经济形势和经济工作。会议认为，今年以来，在以习近平同志为核心的党中央坚强领导下，各地区各部门积极...,吴开达，叶慧超,,4,2025-07-30,0**7,2,2025-07-31 10:06:18,,
投资策略,东吴证券-北交所定期报告：政治局会议定调下半年经济工作，北证指数收跌1.75%-250730,资本市场新闻：1）政治局会议定调下半年经济工作：宏观政策持续发力、适时加力。中共中央政治局7月30日召开会议。分析研究当前经济形势，部署下半年经济工作。政治局会议对当前经济形势...,朱洁羽，易申申，余慧勇,,8,2025-07-30,23***c,2,2025-07-31 10:06:18,,
投资策略,华福证券-策略点评：7月政治局会议定调“十五五”航向-250730,"事件：
　　中共中央政治局7月30日召开会议，会议分析研究当前经济形势，部署下半年经济工作，并决定今年10月在北京召开中国共产党第二十届中央委员会第四次全体会议。
　　主要政策...",任志强，周浦寒，章孟菲,,8,2025-07-30,yyg****qh,2,2025-07-31 10:06:18,,
投资策略,大同证券-7月中央政治局会议解读：7月政治局会议召开，六大信号值得关注-250730,"事件简述：
　　7月30日，中共中央政治局召开会议，决定今年10月在北京召开中国共产党第二十届中央委员会第四次全体会议，主要议程是，中共中央政治局向中央委员会报告工作，研究关于...",景剑文,,5,2025-07-30,ha***s,2,2025-07-31 10:06:18,,
投资策略,东吴证券-北交所中长期配置价值明确，关注细分领域优质龙头-250730,"核心要点
　　一、市场表现：政策支持叠加30%涨跌幅限制下持续吸引增量资金，北交所流动性显著改善。在三轮行情驱动下，北交所及北证50流动性显著改善。主要驱动因素包括：①政策支持...",朱洁羽,,22,2025-07-30,yuwe******456,2,2025-07-31 10:06:18,,
投资策略,粤开证券-粤开市场日报-250730,"今日关注
　　今日主要指数涨跌幅：沪指涨跌幅为0.17%，深证成指涨跌幅为-0.77%，创业板指涨跌幅为-1.62%。
　　申万一级行业表现：钢铁、石油石化、传媒在行业涨跌幅榜...",孟之绪,,5,2025-07-30,qs1****95,2,2025-07-31 10:06:18,,
投资策略,慧博智能投研-慧博研报炼金之研报头条精华：反内卷政策背景下，哪些行业有望更快迎来产能出清？-250730,"策略——反内卷政策背景下，哪些行业有望更快迎来产能出清？
　　（一）“反内卷”与产能周期概述
　　1.“反内卷”背景
　　2020年后，一方面为对冲疫情对经济的拖累，企业资本开...",慧博智能投研,,20,2025-07-30,慧博,2,2025-07-31 10:06:18,,
投资策略,财信证券-大类资产配置报告（R3）：2025年第三季度大类资产配置-250724,2025年第二季度大类资产配置组合表现：2025年第二季度，保守型、保守稳健型、稳健型、稳健进取型、进取型组合实现累计收益分别为1.29%、1.53%、1.16%、1.27%...,叶彬,,13,2025-07-30,li***i,2,2025-07-31 10:06:18,,
投资策略,太平洋证券-策略日报：蓄势待发-250729,"大类资产跟踪
　　利率债如期下行，近两个月我们持续提示股涨债跌的风险，预计后续股涨债跌的大格局将延续。稳增长反内卷的政策不断出台带来的通胀止跌的期待，大方向上股涨债跌后续将持续...",张冬冬，徐梓铭,,13,2025-07-30,chu****ei,2,2025-07-31 10:06:18,,
投资策略,太平洋证券-流动性与仓位周观察—7月第4期，杠杆资金新高-250729,资金净流入，交投活跃度上升。上周全A成交额9.24万亿，较前一周上升，换手率10.35%，较前一周上升，资金供给端中基金、两融净流入，ETF净流出；资金需求端IPO规模为11....,张冬冬，吴步升,,15,2025-07-30,ccf****nk,2,2025-07-31 10:06:18,,
投资策略,太平洋证券-估值与盈利周观察——7月第4期：指数普涨-250729,市场估值普涨，科创50、微盘股指居前。上周宽基指数估值普涨，科创50表现最优，金融表现最弱。从PE、PB偏离度的角度看，食品饮料、农林牧渔、公用事业等行业估值较为便宜。向前看，...,张冬冬，吴步升,,17,2025-07-30,王**鑫,2,2025-07-31 10:06:18,,
投资策略,开源证券-北交所行业主题报告：北证高端装备制造专题，潜龙在渊，认知重构释放细分龙头重估潜力-250729,"高端制造为北证数量第一的基石行业，行业整体PETTM抬升至44.0X
　　我们将北交所企业根据北交所开源行业分类可划分为高端装备、信息技术、化工新材、消费服务及医药生物五大行业...",诸海滨,,29,2025-07-30,1381******509,2,2025-07-31 10:06:18,,
投资策略,申港证券-策略周报：上周跟踪的基准指数全面续涨-250728,"上周各主要指数具体表现分别为：沪深300指数涨跌幅为1.69%，上证指数涨跌幅1.67%，深证成指涨跌幅为2.33%，创业板涨跌幅为2.76%，中证500涨跌幅为3.28%。
...",徐广福,,7,2025-07-30,weic******168,2,2025-07-31 10:06:18,,
投资策略,开源证券-投资策略专题：市场的双轮驱动系列一——交易PPI-250729,"弱基钦周期下交易PPI仍有可为
　　2025年以来，我国PPI当月同比跌幅持续扩大，与此同时，近期密集出台反对“内卷式竞争”的政策举措。目前市场普遍认为，当前供需失衡的核心矛盾...",韦冀星,,15,2025-07-29,chi****na,2,2025-07-31 10:06:18,,
投资策略,东吴证券-北交所定期报告：北证50指数收涨0.68%，创新药主题领涨-250729,资本市场新闻：1）欧盟：拟在与美国的贸易协议中购买价值400亿欧元的人工智能芯片。该协议为欧盟商品设立了15%的单一、全包式美国关税上限，将于8月1日生效。2）收支两端传递积极...,朱洁羽，易申申，余慧勇,,8,2025-07-29,jamf******101,2,2025-07-31 10:06:18,,
投资策略,太平洋证券-策略日报：等新高-250728,"大类资产跟踪
　　利率债整体上行，预计后续上行空间有限，股涨债跌的大格局将延续。稳增长反内卷的政策不断出台带来的通胀止跌的期待，大方向上股涨债跌后续将持续。后续展望：股市大盘突...",张冬冬，徐梓铭,,13,2025-07-29,sy***7,2,2025-07-31 10:06:18,,
投资策略,太平洋证券-投资策略：破云-250729,热点与量能支撑行情延续，事件推动交易逻辑基于盈利预期的改善而非现实。基础一，自6月底以来两市成交额从周度日均1.5万亿左右上升至1.8万亿以上，但上周已出现边际走弱现象；基础二...,张冬冬，徐梓铭，吴步升,,16,2025-07-29,笨**黄,2,2025-07-31 10:06:18,,
投资策略,万联证券-2025年7月策略月报：上半年国民经济稳中向好-250729,"投资要点：
　　7月A股主要股指均上涨：截至7月25日收盘，上证综指收报3,593.66点，较6月末上涨4.33%。分结构看，本月A股主要股指均上涨。其中，创业板指、中证500...",宫慧菁,,16,2025-07-29,hant******014,2,2025-07-31 10:06:18,,
投资策略,天风证券-政策与大类资产配置周观察：关注中美会谈与政治局会议定调-250729,"海内外政策要闻
　　国务院常务会议部署逐步推行免费学前教育有关举措。国务院总理李强7月25日主持召开国务院常务会议，部署逐步推行免费学前教育有关举措。会议指出，逐步推行免费学前...",吴开达，叶慧超,,23,2025-07-29,唯***,2,2025-07-31 10:06:18,,
投资策略,粤开证券-粤开市场日报-250729,"今日关注
　　今日主要指数涨跌幅：沪指涨跌幅为0.33%，深证成指涨跌幅为0.64%，创业板指涨跌幅为1.86%。
　　申万一级行业表现：通信、钢铁、医药生物在行业涨跌幅榜居前...",孟之绪,,5,2025-07-29,zm***j,2,2025-07-31 10:06:18,,
投资策略,华鑫证券-反内卷：A股慢牛的宏观叙事-250728,"投资要点
　　宏观背景：内生低通胀，三轮同中存异
　　三轮供给端改革均发生于内生性低通胀周期，PPI同比负值持续多月走扩，CPI同比走势疲软
　　1）求同：①需求端疲软②房地产...",杨芹芹,,53,2025-07-29,ccj****il,3,2025-07-31 10:06:19,,
投资策略,东莞证券-北交所事件点评：北交所IPO受理提速，“优质供给”逻辑进入兑现期-250729,"事件：
　　2025年上半年，北交所IPO受理数量显著提升，单月新增受理公司数量远超沪深交易所，成为IPO申报最活跃的市场板块，供给端“量增+质优”特征显现。
　　点评：
　　...",李紫忆,,2,2025-07-29,吴**贝,3,2025-07-31 10:06:19,,
投资策略,慧博智能投研-慧博研报炼金之研报头条精华：“ 反内卷” ，三重目标下如何去产能、提物价-250729,"国内（一）——“反内卷”：三重目标下如何去产能、提物价
　　（一）去产能如何推进？
　　1.相似时点，市场启动“去产能交易”
　　比照2015年，政策窗口相似的起点。
　　另一...",慧博智能投研,,14,2025-07-29,慧博,3,2025-07-31 10:06:19,,
投资策略,开源证券-北交所策略专题报告：北交所投资框架，聚焦高稀缺·高成长·高股息，挖掘α/β双轮驱动机会-250728,"北交所特色定位及改革促流动性和功能改善，新质生产力和小巨人聚集地
　　北交所自2021年正式设立以来已平稳运行近四年，经历多轮改革，交易与融资规则不断改革创新，市场功能逐步趋于...",诸海滨,,33,2025-07-29,htc****hy,3,2025-07-31 10:06:19,,
投资策略,东吴证券-资金流向和中短线指标体系跟踪（十六）：众人拾柴火焰高-250729,"宏观流动性与资金价格：
　　公开市场操作：央行公开市场维持净投放，对于资金面呵护依旧，累计净投放规模达1295亿元
　　货币市场利率：资金利率攀升
　　债券市场利率：股市、商品...",陈刚，蒋珺逸,,28,2025-07-29,houw******610,3,2025-07-31 10:06:19,,
投资策略,江海证券-黑龙江省资本市场跟踪报告：黑龙江省资本市场跟踪双周报-250729,"投资要点：
　　启动2025年度技术转移机构备案，推动科技成果落地。近日，黑龙江省为加强科技成果转移转化服务体系建设，推动科技成果落地转化，启动了2025年度省级技术转移机构备...",张诗瑶,,14,2025-07-29,1377******500,3,2025-07-31 10:06:19,,
投资策略,天风证券-中观景气度数据库和定量模型应用：中观景气度高频跟踪及运用-250728,从整体的行业景气度方面来看，本周钢铁、建筑材料、电子、医药生物、非银金融、银行、房地产、环保等行业整体呈上行趋势；石油石化、机械设备、食品饮料、纺织服饰、汽车、公用事业等行业整...,吴开达，孙希民,,16,2025-07-29,han****29,3,2025-07-31 10:06:19,,
投资策略,东吴证券-北交所定期报告：北交所行情小幅震荡回落，工程机械板块局部活跃-250728,资本市场新闻：1）美欧达成贸易协定，统一实施15%关税税率并扩大双边经贸合作。美国总统特朗普于当地时间7月27日宣布，美国与欧盟正式达成贸易协议，双方将对彼此输美及输欧商品统一...,朱洁羽，易申申，余慧勇,,7,2025-07-28,flo****oc,3,2025-07-31 10:06:19,,
投资策略,国信证券-策略周思考：“内卷式”消灭1到2倍市净率和“反内卷”行情-250728,从微观估值结构看近期市场特征：内卷式消灭1-2倍市净率。4月7日区间低点，PB在2倍以下的个股占比在45%左右，截至7月25日，PB在2倍以下的个股占比快速降至不足30%。部分...,陈凯畅，王开,,14,2025-07-28,syw****ng,3,2025-07-31 10:06:19,,
投资策略,开源证券-北交所策略专题报告：北交所指数化资产配置策略，双指数时代下的红利挖掘与多指数化掘金机遇-250728,"双指数格局成型，北交所步入资产配置新纪元
　　北交所服务创新型中小企业，通过差异化的市值和财务标准，构建了能容纳不同发展阶段企业的多层次准入体系。2025年6月30日，北证专精...",诸海滨,,17,2025-07-28,li***l,3,2025-07-31 10:06:19,,
投资策略,华福证券-雅下工程与海南封关助推市场情绪-250728,"投资要点：
　　本周（7/21-7/25）市场继续走强，全A收涨2.21%。从指数情况看，科创50、微盘股、中证500领涨，上证50涨幅靠后。从风格情况看，周期领涨，金融地产涨...",周浦寒,,11,2025-07-28,Ly***林,3,2025-07-31 10:06:20,,
投资策略,开源证券-投资策略点评：调研热度回落，但电力设备、基础化工、有色金属关注度提升-250728,"“机构调研信息”是投资者决策过程当中，重要的信息补充
　　机构调研是资本市场信息传递和价值挖掘的重要环节。对于专业机构而言，是深度研究、投资决策的关键步骤。相较财务信息，机构调...",韦冀星，简宇涵,,9,2025-07-28,oli****sa,3,2025-07-31 10:06:20,,
投资策略,华福证券-【华福策略】市场状态高频数据库——7月第4周-250728,"风险提示：一是地缘政治风险超预期；二是宏观经济不及预期；三是海外市场大幅波动等。
　　...",周浦寒,,1,2025-07-28,mol****yu,3,2025-07-31 10:06:20,,
投资策略,德邦证券-海外市场周报：变数纷繁，景气为先-250728,上周（7/21-7/25）全球股市涨多跌少。美股三大指数集体上涨；欧洲市场三大主要指数表现分化，英国富时100和法国CAC40上涨，德国DAX指数小幅回调；亚太地区涨多跌少，仅...,薛威，谭诗吟,,10,2025-07-28,经纬***5,3,2025-07-31 10:06:20,,
投资策略,华西证券-海外周报：电商“投流税”重锤落地，海南将于年底全岛封关运作-250728,"核心结论:
　　史上最严税规来袭，电商“投流税”重锤落地。
　　一场针对电商税务漏洞的监管风暴正在席卷全国，从佛山1.23亿销售零申报被查，到青岛即墨区商户5679万收入仅申报...",刘文正，邓奕辰，刘彦菁,,20,2025-07-28,dj_****ll,3,2025-07-31 10:06:20,,
投资策略,慧博智能投研-机构一周策略综述-250728,"1、申万宏源
　　再论“牛市氛围”的合理性：时间已经是牛市的朋友，是因为时间是基本面改善和增量资金流入的朋友。反内卷显著提升了2026年中游制造供需格局改善的可见度。远期有困境...",慧博智能投研,,5,2025-07-28,慧博,3,2025-07-31 10:06:20,,
投资策略,华福证券-中国军工全球竞争优势或推动军贸份额扩张-250728,"全球格局剧变：需求刚性扩张与供给重构创造机遇
　　全球军费开支持续增长，需求刚性化加速，为军工市场提供强劲支撑。同时，供给端重构显著，美元体系松动削弱美国控制力，俄罗斯军贸份额...",李浩，李刘魁,,9,2025-07-28,宝妹***3,3,2025-07-31 10:06:20,,
投资策略,粤开证券-粤开市场日报-250728,"今日关注
　　今日主要指数涨跌幅：沪指涨跌幅为0.12%，深证成指涨跌幅为0.44%，创业板指涨跌幅为0.96%。
　　申万一级行业表现：国防军工、非银金融、医药生物在行业涨跌...",孟之绪,,5,2025-07-28,osc****13,3,2025-07-31 10:06:20,,
投资策略,东莞证券-北交所市场点评：“北证专精特新指数”落地，北交所配置价值可期-250728,"事件：
　　2025年6月底，北交所发布“北证专精特新”指数，聚焦北交所中市值领先、流动性良好、财务稳健的50家优质企业。该指数由中证指数有限公司编制，是北交所首个突出“专精特...",李紫忆,,2,2025-07-28,mar****72,3,2025-07-31 10:06:20,,
投资策略,国信证券-ESG热点周聚焦（7月第4期）：雅下水电开工，清洁能源启新章-250728,"核心观点
　　海外ESG热点事件：国外绿色金融与ESG政策、资本与技术三线并进，达到“规则-资金-技术”共振。政策法规方面，英国政府确认2029年将工程碳去除纳入排放交易计划并...",王开，陈凯畅,,21,2025-07-28,0001******056,3,2025-07-31 10:06:20,,
